locus_radius:0.01,nuclear_radius:1.0,bound_zone_thickness:0.18350341907227397,bound_to_bound:0,unbound_to_bound:0,dt:0.21,
URA3_FLE_BINDING_COLLISIONrestep
X,Y,is_bound
0.6410859660091919,0.1491373903432167,0
0.5991940365735451,0.1984258054826573,0
0.6448188390124764,0.22547188650659625,0
0.6370394736357342,0.19192653588230435,0
0.6463353083360834,0.25588750183293485,0
0.7255088214361126,0.1820029281437437,0
0.6999080251809191,0.23363077235068203,0
0.6765551300657926,0.25926314571147596,0
0.5648755175414293,0.24594374179282186,0
0.6760137395710775,0.30348674268202536,0
0.6734976121771412,0.300009433386782,0
0.6944687097353606,0.2681795642552359,0
0.666943950595717,0.24773184129825673,0
0.6975738728158875,0.2920112718381389,0
0.6095673516376167,0.3589651195446868,0
0.5222978915733242,0.40558918661418814,0
0.5619350050219695,0.3855861383617913,0
0.5925226621060119,0.33914160191107534,0
0.5822349953207274,0.3303506700478145,0
0.5863861627443467,0.35804352056693123,0
0.6118987314040796,0.3321617471599977,0
0.6012024025513907,0.4763164067867526,0
0.6737537055812669,0.3361319994178432,0
0.6900070077368403,0.2589665534596867,0
0.6040832385312253,0.2560391700603624,0
0.5534647870723804,0.38815682985113065,0
0.6612539899043192,0.31765756903465403,0
0.7043298320876232,0.41444258813080115,0
0.6822313028032541,0.41397822209173823,0
0.7371154854164239,0.4036776329490762,0
0.5413805898878208,0.37845417178916485,0
0.5700482586878374,0.4070703308590175,0
0.5908586764641123,0.42536125957516957,0
0.5086704852057096,0.5067090032079758,0
0.47323293122943827,0.4119045756510152,0
0.6240396018619021,0.41148172446587955,0
0.5764350114608419,0.3879680026932691,0
0.675963088380122,0.4127962766269059,0
0.640968139734927,0.30127468873480545,0
0.678345743099285,0.36237026986846865,0
0.6453260290080669,0.2475290105568077,0
0.6325130819052387,0.28288797068511407,0
0.6434245265631944,0.34161564835850017,0
0.5964900416242634,0.2527737508857408,0
0.5270189829575522,0.2475878142115217,0
0.4859777123281482,0.3117451198435212,0
0.6027738265505735,0.3003238481524904,0
0.465214263779981,0.2393643418210088,0
0.44498945640322135,0.24006093106561588,0
0.44421443810657063,0.321045763539361,0
0.48040867380462354,0.3618132377731017,0
0.44709335183870275,0.3388347055548774,0
0.499986562713721,0.37494755578910255,0
0.3835345235852297,0.3517019207426509,0
0.4658542683445478,0.3235070013816962,0
0.40628280246493786,0.35424881599963415,0
0.4094832372804329,0.3334293881065173,0
0.4002008067272186,0.3531462826307901,0
0.5274866482140664,0.3485547158022741,0
0.586655393612523,0.29819544098139705,0
0.6408076841912528,0.30330157016747045,0
0.6749679624244206,0.36305867837196404,0
0.7424640778666572,0.31619741894481324,0
0.6922420928121241,0.35220786959775063,0
0.7955842035227317,0.33768389739395355,0
0.8205563994014444,0.3395393205505504,0
0.7494773258383359,0.3007764992754652,0
0.7449523777542378,0.3791714232297978,0
0.809931984263721,0.3829620028429861,0
0.7178013228715909,0.335021222739872,0
0.7484323155261048,0.34829848257719126,0
0.7596903011098932,0.31608968062981224,0
0.7705400095587343,0.2889340344723973,0
0.7200618682343863,0.2686461191233144,0
0.7315687735278021,0.33797546036086834,0
0.7497212114425956,0.3692690089220073,0
0.6772592381197508,0.2363515963258247,0
0.6389426465102201,0.1922977795032977,0
0.7309362117646941,0.18298643092781494,0
0.7257311248153082,0.2589664744496869,0
0.7416587075481023,0.20157393452248573,0
0.7613575502874873,0.0640074215301242,0
0.8539649154049479,0.14317700627845367,0
0.7777976017329096,0.14561643180835787,0
0.8104833434059716,0.1698841039081749,0
0.8406472261874488,0.06155934932726509,0
0.8295306125725306,0.1831634311030072,0
0.8765013261045337,0.2591573337773243,0
0.7570335681744218,0.24175367817928556,0
0.7897414031951776,0.31834481161038686,0
0.8059790725525698,0.30969147004230735,0
0.9259587443858293,0.29220712908950935,0
0.8182027512486937,0.3837569802364577,0
0.765823656189666,0.3809355238999497,0
0.9364819765325851,0.35937173132808253,0
0.8564494778208639,0.32728138343494056,0
0.8107160119374838,0.26134022702022797,0
0.8802049495967217,0.29578637990073076,0
0.7536509742471933,0.31153812632815336,0
0.758448641449295,0.3021565186213093,0
0.7888602901331517,0.345613746316186,0
0.8598819051002264,0.3954329226441732,0
0.7949291027091013,0.40267339970768706,0
0.7882134610640227,0.28616329375385136,0
0.8056342249131198,0.23819936794303337,0
0.7555199191256862,0.3251436374970298,0
0.8048631387398921,0.2739635634953952,0
0.8647446026326917,0.27200646791959626,0
0.8603996165633562,0.22558155026385374,0
0.8477419538251525,0.17135984125600734,0
0.9084929411396717,0.23019118981300374,0
0.8743805641359014,0.25698541913124123,0
0.9373125035628717,0.3033181677143323,0
0.8730640841244294,0.34289488207173396,0
0.8709832822366004,0.36291958103271815,0
0.8494283933303527,0.48410572389841644,0
0.901746763408234,0.3863689180290333,0
0.8541128683997936,0.3442975612703203,0
0.8517270887265602,0.3389026562188496,0
0.8823042764913398,0.31545006741631487,0
0.8303977611032904,0.38587181005547544,0
0.8695733888341998,0.3461200379489555,0
0.8640520821983211,0.3469328835385068,0
0.7802437701330873,0.32311347474047775,0
0.7930664246512446,0.29739839667713647,0
0.7603052570908467,0.1509598379550276,0
0.7632091363462182,0.1770382732621505,0
0.794776190440592,0.14618386507183717,0
0.816380620610307,0.24269457712157105,0
0.9001481330165861,0.1534738277006763,0
0.8880213580061941,0.24397968173755527,0
0.8792553044530728,0.22717355990449117,0
0.89828584378135,0.24973343684015187,0
0.8675841358936155,0.27523020782611957,0
0.8596110565101254,0.14610360476974263,0
0.90717092216267,0.18033557066540826,0
0.9329999537720256,0.13213953033504322,0
0.9949179284957325,0.10980212744245585,0
0.9027641382750402,0.09288281267114136,0
0.8437494838172379,0.0853501969294561,0
0.8863360983430967,0.0946910273090862,0
0.8378037135219403,0.13788201017391488,0
0.7409681692913568,0.2772557982862691,0
0.767955176372635,0.19283527226364566,0
0.8001593609956974,0.1992805115048837,0
0.8254391971780083,0.2908179085590968,0
0.8059133841797029,0.33820249121501567,0
0.8477370547835827,0.25041639700147966,0
0.7322298247058399,0.22899345030937907,0
0.8228051443783237,0.22183855708924607,0
0.7568234246600346,0.14927384906861615,0
0.7364472495167456,0.225389086024936,0
0.7243686263802708,0.2818124584294329,0
0.6791562476948139,0.21029521336158458,0
0.6743516208706556,0.18398855343812665,0
0.6348089916355595,0.13440195146462877,0
0.7152253637056913,0.228170002625402,0
0.7012287012855296,0.24210971519291088,0
0.6479566731490272,0.2858868612926543,0
0.6312425264458584,0.31036405830966346,0
0.6390863653656161,0.20521624689729304,0
0.6719009045376829,0.22290891533722085,0
0.6489952908268775,0.30058781535548107,0
0.6807358513745676,0.24324119908581593,0
0.5995145526551614,0.27656172864150097,0
0.6531764810739982,0.24181493122944675,0
0.5870795031143526,0.20268826044217236,0
0.5842712947790006,0.25505465835738594,0
0.5711522509949597,0.2752407692192023,0
0.6878005929722577,0.25012089654661535,0
0.6803643489639005,0.2391277560161833,0
0.577207583647838,0.22227602677750743,0
0.6317652248023197,0.25356449569328354,0
0.5822830432409186,0.31913216926165305,0
0.5513718559930844,0.29644539506365664,0
0.5746946188692108,0.22237400427991044,0
0.624250798968987,0.2915985158893684,0
0.6365622269489143,0.3335373038238266,0
0.5558210161672454,0.32616222540066664,0
0.5421920740260758,0.2760333888298867,0
0.5735362123019573,0.2964069474406977,0
0.5780962282988368,0.26824718262273967,0
0.5775674471905311,0.2957627718599638,0
0.5502406003674277,0.3050793123649352,0
0.4885784155618753,0.30029518169995256,0
0.49106111032842503,0.29397519360952085,0
0.6710135170575657,0.3425959426285475,0
0.5843757727317435,0.37959586516101407,0
0.6561258605522153,0.27236302513903354,0
0.6650158144396195,0.23369534107323425,0
0.7068856958851323,0.2755914496379464,0
0.7052880939883147,0.22064670562936634,0
0.8070668120648145,0.30700974260674146,0
0.7332550207971289,0.38023604659375676,0
0.750460296172902,0.3679230515585334,0
0.7593902471955777,0.3794121985747887,0
0.6986739437931526,0.4098364572949731,0
0.7286736124960171,0.37551032298253634,0
0.8133172829375157,0.36768049123038443,0
0.7414370584388076,0.3286551407048849,0
0.6968685687438008,0.36519821589021906,0
0.7152627317387927,0.3686994427135105,0
0.6430964067847889,0.38976043715145575,0
0.7845494725635618,0.32568168180113766,0
0.8262883129288577,0.42459787400481785,0
0.7959690018752034,0.3926311001432562,0
0.7713110912112655,0.40478589089382444,0
0.7242151430184098,0.41815757748328436,0
0.7250440244467576,0.3893925741351324,0
0.6359750415716793,0.35433002912920175,0
0.6575317600171354,0.386149051261566,0
0.6589703010783174,0.40562106446792456,0
0.583631406246508,0.45768708164262467,0
0.6240570380215937,0.4108136110907908,0
0.6226744555832583,0.3571857759181294,0
0.6114659113626167,0.28014915404477836,0
0.6628927171631916,0.25300976226103167,0
0.603645300916659,0.2949844382716309,0
0.5694514182155316,0.3146775723069558,0
0.5561729078887073,0.31647601501701283,0
0.610387814627366,0.2724019033368628,0
0.5970119405178059,0.16943166007740923,0
0.6298793161514581,0.2861563347592615,0
0.6995488253730375,0.1885420157365742,0
0.6636561078137437,0.1430313827839351,0
0.7150391615854512,0.21767228678198694,0
0.7643306971570584,0.23022049751905732,0
0.7245044034110262,0.18937355653478757,0
0.732246214308899,0.20862574496594657,0
0.6878569552126599,0.28605068032720593,0
0.7097971353850503,0.3167547429864213,0
0.7690437880416919,0.3736449392248094,0
0.7593381088934101,0.33591424234004197,0
0.8071487288295655,0.3334941904746529,0
0.7754929979238191,0.3341083936594975,0
0.7800238653483371,0.22438302867186694,0
0.7271316655423009,0.27102301282720126,0
0.7423790396411043,0.3153391042053616,0
0.820174070979821,0.2506241837901683,0
0.7685044164828321,0.24150953041742704,0
0.7595843940546796,0.21145126553744345,0
0.7844397190943234,0.25990202447675437,0
0.8637968456212911,0.2787688890144593,0
0.8132854362868033,0.1680140694013371,0
0.8073086613435825,0.07728742029674338,0
0.8001206648600908,0.11589673981237965,0
0.856353484488237,0.18502038726618159,0
0.8952051325566137,0.16711928106187537,0
0.8412787317997972,0.14255551618793202,0
0.7165104020611275,0.12974435436987697,0
0.7060040537763382,0.13657160971472376,0
0.697406350700287,0.03864627781212775,0
0.6840694713887905,0.1125244361633197,0
0.7304735791102173,0.08198332303630837,0
0.7118005783412198,0.16492276838655157,0
0.71875232381142,0.22799070925918963,0
0.659208432538226,0.1509194291339663,0
0.6581104178008647,0.1858724648212211,0
0.7348305051185121,0.21354093311361944,0
0.7769385919797834,0.27491251233316666,0
0.7912122171847661,0.21858210193289204,0
0.8427089643606227,0.22933273950885766,0
0.8742887728278188,0.3136298777219863,0
0.8306984826791363,0.337356356926664,0
0.813747582609444,0.23383296011944993,0
0.7510567163252304,0.3149818109460058,0
0.7530832766254437,0.27288494856454854,0
0.7616377295728586,0.2972262378540022,0
0.7083305535829811,0.3334182857186065,0
0.7162223063787581,0.4341496365787398,0
0.759601347620154,0.45980123488914504,0
0.7594696933914291,0.36931405281447816,0
0.6825551081270367,0.3810654462902565,0
0.635528784683578,0.3657039583741623,0
0.6715432933475617,0.3716693563857588,0
0.7318519263117536,0.43961282837166027,0
0.6988314446037535,0.4060375695783629,0
0.7538920184234901,0.40156198956581707,0
0.7324795765966596,0.4247793517944749,0
0.571697741123036,0.324819672134267,0
0.5912362575032557,0.23407733995166272,0
0.5924415418453916,0.31172198155818664,0
0.5823088199475778,0.27511379602706637,0
0.6131346655178099,0.3140780448021493,0
0.5701678676606651,0.3268454770691925,0
0.5441801711070233,0.2608685830088852,0
0.644796193666157,0.2174858388348036,0
0.5837972315670931,0.20355719866729455,0
0.7310786323155244,0.15616164846025532,0
0.6943569840818189,0.18654389788742237,0
0.6172041964048117,0.20757117022446087,0
0.7069321239532371,0.18899617845961744,0
0.7162706778624595,0.21044845194648024,0
0.7044091554846312,0.14773482353202688,0
0.6770086289906336,0.19200544316411183,0
0.7800195124087611,0.162005674158337,0
0.7994884244012366,0.15496459097335397,0
0.6850498170005953,0.18671753539816058,0
0.6282343008032273,0.23523976852749265,0
0.6381943711302742,0.20175107256380354,0
0.5999899943589827,0.19523556108217854,0
0.7391496306652123,0.20859067339837245,0
0.7496752166142392,0.20608650302004142,0
0.7784072150488295,0.1541025250108071,0
0.6815477380362426,0.17570546806045406,0
0.6402733080785107,0.2130779557636634,0
0.6609141181037768,0.19938362943175567,0
0.6936151683276458,0.29246487893445544,0
0.6399420843081126,0.24682302208091872,0
0.6667670711354952,0.3086663112018971,0
0.7022078161708396,0.21037859822433283,0
0.7617969382744266,0.2795585239334952,0
0.8176814897966026,0.3305347323465813,0
0.7528260459180026,0.3709127901727094,0
0.790049578900999,0.29558435702796376,0
0.7771990882842065,0.37178573997337405,0
0.8161383431691257,0.31612023845600545,0
0.8594325738121104,0.3651744532042368,0
0.8370568098279764,0.33624274672151044,0
0.8071155328039837,0.33920721990230807,0
0.8138507957117465,0.27472816394965915,0
0.7111098751680505,0.21995508340966846,0
0.7158415682055069,0.17251770074293538,0
0.6083086342850073,0.20465026149035723,0
0.6852785057867732,0.2775324447158975,0
0.7382710438024302,0.27916445600293466,0
0.764518474985839,0.2667565705602588,0
0.6930873851574157,0.1473136769892192,0
0.706795037641118,0.19614277314952158,0
0.7227045452440071,0.18047189654665652,0
0.6765915726145654,0.17843012950279136,0
0.7669291017691564,0.1339579474433815,0
0.7877193704839397,0.20178555895299483,0
0.7969201519086192,0.23053740892567576,0
0.7846304833171333,0.17323196410070762,0
0.8082059290477871,0.19084259822070987,0
0.794000971350483,0.241331304944886,0
0.8746223589176346,0.24799683473982864,0
0.8171403198476874,0.22349389270168518,0
0.7702174766830083,0.12030304227530868,0
0.7467415828040743,0.17373342390601756,0
0.7387946359869774,0.050546248250663936,0
0.7758503624259502,0.10266421018801888,0
0.8293430947114282,0.17752278903946073,0
0.7041678015591801,0.0852427458838844,0
0.6498158112361069,0.13783324290516036,0
0.7334840907909157,0.16297789538270036,0
0.6980739564559338,0.24053223998540596,0
0.7180624537922096,0.1566754690232654,0
0.6714568772902165,0.14133050994099608,0
0.6640662169415041,0.10873200363900565,0
0.7295080929386821,0.04331146578802582,0
0.6404559298693792,0.08700670037445901,0
0.7423170246706357,0.0935477601651119,0
0.747980040099642,0.06854364752162924,0
0.7029091651823087,0.10491372188060655,0
0.7330564139345789,0.11195791319420069,0
0.7368904378868071,0.14483854638727758,0
0.7364400525086274,0.15771336669537434,0
0.7659725675742357,0.10959840768438721,0
0.7624440580103242,0.2167227571756516,0
0.6868470587473491,0.20487100390801347,0
0.663753620868256,0.21449959879735844,0
0.5553573336252007,0.24010389726126136,0
0.5898157461525313,0.2140199410322725,0
0.5219909373481619,0.19023783101148817,0
0.6301084700693901,0.2128642873924204,0
0.7072485640049351,0.17457000396977596,0
0.6468610662973315,0.1821269064605433,0
0.6444158269111646,0.0963379758611113,0
0.6400008556989055,0.03940509864202511,0
0.6595288761825665,0.09551021655260475,0
0.6377870234037051,0.18495299685881342,0
0.6346470912587657,0.2964856827954829,0
0.5728943897129776,0.19993358937865024,0
0.5830665199832917,0.14476659627234884,0
0.6680783044243508,0.07520048905333865,0
0.5852370597893982,0.10537554778855021,0
0.6519771122323972,0.1803344280258742,0
0.7128493635445483,0.06162460140856851,0
0.6712256334340596,0.17137898721209466,0
0.7228420960649515,0.11774092925731075,0
0.7679220149709702,0.15176244424955596,0
0.7563052338812429,0.19065870382902403,0
0.7120178453838443,0.06979613205439184,0
0.6800045346281821,0.11189067127438665,0
0.7593348747361071,0.13691420566199985,0
0.6730129714120677,0.10112269905520438,0
0.7383328967363832,0.18139404107924867,0
0.6663408620512221,0.15819348033010647,0
0.6613344381497034,0.18068889683350664,0
0.6555370884635683,0.1869926551686076,0
0.7290828522616336,0.19868367928415206,0
0.6895882313046997,0.2633488647412898,0
0.7643896211966442,0.20922715176285128,0
0.7293152764894413,0.12416137140979819,0
0.7035475417300814,0.20454452218225339,0
0.6476998431001076,0.1788805498665687,0
0.7059742232535317,0.20480963278005646,0
0.7159216115079342,0.18356898778305938,0
0.7276473076963461,0.19982469060845234,0
0.6659737978194576,0.14272275975538837,0
0.6978395195860777,0.22861429793786217,0
0.6589179861650921,0.1928477890300943,0
0.6519401115099519,0.25256322268907005,0
0.7408088279360805,0.2686965216088183,0
0.7073763716714431,0.28306513064563915,0
0.701957807316638,0.25118335389056423,0
0.5819826545707472,0.21849496715312858,0
0.6934589920183859,0.19862511620455084,0
0.6755033135019409,0.18176658220277833,0
0.7497462652119996,0.2489420913138357,0
0.6721079495744563,0.1712901152688101,0
0.7193339050787527,0.20643624162808955,0
0.7567349416079743,0.1636031054845604,0
0.6774414915959542,0.20420372760666888,0
0.7913129534205972,0.28696419203344403,0
0.7100869637967132,0.2748493134553029,0
0.6731190848645048,0.29105854613148824,0
0.6611940058854341,0.32081333804671236,0
0.6331445249897661,0.3152457064865461,0
0.6404857047875129,0.31141955588065,0
0.5423589719581628,0.3262403166423502,0
0.5898894837842084,0.28634299061693796,0
0.6886224608081059,0.187039379420115,0
0.5927509141538068,0.2551051943633653,0
0.6270605268174133,0.16160933396813665,0
0.5855458642110902,0.2789108169718598,0
0.6984099978012819,0.23451855975474212,0
0.7491907469936491,0.24195305146777749,0
0.7323575373197037,0.2259963872577242,0
0.6943178154353579,0.17647086236116932,0
0.7485478888601167,0.12082195564207922,0
0.6627538787069984,0.10370111874313541,0
0.6254321893608823,0.22521070004177987,0
0.7515991140886982,0.17115425351560257,0
0.8316835089998689,0.2085578911048899,0
0.6915471992103506,0.13963900948349453,0
0.618779998933024,0.11179951059132819,0
0.5612738618320962,0.09574267626539748,0
0.7283159717762613,0.05651504283561278,0
0.6100744018928375,0.004298768320875147,0
0.636306383912151,0.06347551041510088,0
0.6385279876598072,0.04886510628452375,0
0.6106653559307932,0.0826982928641509,0
0.6350294841634141,0.08683626362705857,0
0.6303819892599078,0.10272134656768636,0
0.5973606334483393,0.14629172643222055,0
0.6222221705303959,0.16632082297199136,0
0.5772846788686854,0.25848609378840093,0
0.5484041243625217,0.21008688188306357,0
0.580480633218299,0.25082697764012934,0
0.5703330611916162,0.2647656021161727,0
0.5714622686069916,0.2709158767355734,0
0.692235604614157,0.25379285855836226,0
0.6341935744927069,0.23473965404955952,0
0.6216362010705938,0.2696040246157656,0
0.7314918176001238,0.2770607180851955,0
0.6897386338173186,0.2361007459364446,0
0.7332161520731705,0.33738846351328217,0
0.7084947805671377,0.21795123733151345,0
0.5657380522639317,0.24666403975891815,0
0.6797593082796872,0.2001544994410061,0
0.7164898820881226,0.2224892545205112,0
0.6603787203868055,0.22487764287536205,0
0.641205863221389,0.24414001471649385,0
0.6472915234091949,0.133609715800179,0
0.6659192763506993,0.09863352457088842,0
0.6944326708639045,0.12068489987226239,0
0.8169456080882997,0.1727471475566637,0
0.8179602917047225,0.2137705412354977,0
0.7644798556298118,0.13907127327914234,0
0.7521284859164883,0.20353892223697667,0
0.8402555826637037,0.27723229181923864,0
0.7388089321103521,0.20334487076581842,0
0.7531021847485826,0.2133248589942206,0
0.847132068176932,0.14701360622565138,0
0.7265635606443978,0.05125062195559442,0
0.791444863119177,0.07370753356059734,0
0.7604863948816573,0.13056093768622998,0
0.7466114164906171,0.1374833909474184,0
0.8595703081433836,0.2266629178884162,0
0.8333810802619979,0.17676927507795798,0
0.8413931495560663,0.18207884858836326,0
0.8022534974010221,0.16926517846319067,0
0.8441752830843472,0.1276421117313126,0
0.8791133091795247,0.08375607950992112,0
0.9053466181167413,0.158195863113598,0
0.7773335632337759,0.19020079445055488,0
0.6723335497181975,0.1761173721689771,0
0.6684953210959418,0.12703731883506955,0
0.6456082625835478,0.23212742746311466,0
0.6866649204855493,0.22812634110378033,0
0.7335367076483964,0.23493575913391332,0
0.6864335647720914,0.23791010557041845,0
0.7165963431930813,0.20789570986922826,0
0.696702241931802,0.18657517517072447,0
0.6708344918768051,0.245232942264581,0
0.7122083369069838,0.16819150871323174,0
0.7328960017206182,0.11977700220433254,0
0.6460683485540468,0.13987399706722387,0
0.6767543738921338,0.050984321256206194,0
0.6833980164486848,0.13887795633566738,0
0.6888154661107876,0.1257508391158037,0
0.7291405138115652,0.12962620420797147,0
0.688117646671704,0.19222669954658325,0
0.703479360033794,0.16312984288868898,0
0.6711384442544679,0.14574974597900497,0
0.7435423454951237,0.18217241765983191,0
0.7842789821500945,0.20091670207771342,0
0.7892678005040993,0.10724538033416332,0
0.716746053617225,0.16370880644792027,0
0.7604995937481649,0.18309635285458128,0
0.7736538743767466,0.15781981785177213,0
0.6862690131295756,0.23385755186006707,0
0.6681711661801149,0.23538947036562421,0
0.7402795146814083,0.2657783364729258,0
0.6891333935612176,0.23568319424295414,0
0.6621325913765207,0.23013604306665267,0
0.6402784029896149,0.2536974395341792,0
0.545599554537729,0.3382093730573045,0
0.7120210975071167,0.2947692370345265,0
0.6430514530934764,0.25666293917041916,0
0.7184066681902991,0.19434132796289366,0
0.6646815942547601,0.2704339036630531,0
0.7492292670726695,0.12535640906160936,0
0.6479827730457312,0.1369024225122267,0
0.73438257274026,0.2193357607341015,0
0.7554250159931104,0.22562382890959376,0
0.622779918087762,0.1929059449936285,0
0.6400443501776554,0.2678974433638202,0
0.6819915574472215,0.16607071462484868,0
0.6729934586101418,0.2705928981966981,0
0.6255710510734478,0.2941726096701428,0
0.6727869887965895,0.2732140682045772,0
0.62859870198745,0.4019748408199799,0
0.6585876268939236,0.28288749088897,0
0.7067086645578815,0.3322082710278241,0
0.6737658885604684,0.3401230438254315,0
0.7332649683257761,0.26466845424628954,0
0.8111400162038376,0.2707022427226102,0
0.7945392096072756,0.2598675886381118,0
0.8263545998337161,0.32617171076507556,0
0.7556702025999722,0.2547028276568529,0
0.7526079489270276,0.17326387467518767,0
0.6999501597280979,0.3097038756793039,0
0.7380626280169126,0.30603083913534335,0
0.709254282978437,0.3115428743099421,0
0.7573637179508623,0.3206333312983359,0
0.8175717211988943,0.36133704806229755,0
0.7929303570696471,0.3792242271646556,0
0.8010331513756683,0.48939435798772385,0
0.7248146075241864,0.5474212659304271,0
0.7457777959586488,0.5017804237837115,0
0.6644709526191888,0.49247277892231345,0
0.6735603187452937,0.5271827077868027,0
0.7289878099268937,0.571077888536855,0
0.7393674850617747,0.48622688898084904,0
0.7377761176391405,0.5752750664787857,0
0.7954614629013235,0.4788254472874982,0
0.8461169755690396,0.48917305929663535,0
0.7937767970803311,0.47657679996505775,0
0.9200738465859213,0.5037251211494238,0
0.8742587603216325,0.5722328297747201,0
0.8900745242295118,0.6117514821315474,0
0.8946308211878995,0.6075319629328775,0
0.8848117016673978,0.5893077803206287,0
0.814294125208023,0.546372943144735,0
0.8379318178973605,0.5428878182271669,0
0.8259007265424847,0.49293410054206377,0
0.838355904138607,0.5198700175334361,0
0.8335491978013916,0.5201496463817451,0
0.9042435554973924,0.45759996750842175,0
0.9156863642934235,0.5166302578106559,0
0.9092117224388041,0.4824979359734256,0
0.9264153077953112,0.5050732046646669,0
0.9679836226193955,0.40865782862156286,0
0.9731209461436666,0.3671886539639096,0
0.908068135294282,0.31681188977618757,0
0.9930588330485255,0.3706838175918704,0
0.9168050678424505,0.2642134420794777,0
0.9185222844316293,0.2733236768683568,0
0.9661160233001027,0.3509508715322708,0
0.9321302832782982,0.4138437611659594,0
0.9477640621527426,0.27065004107269564,0
0.8014242890228913,0.25973270990897734,0
0.8973514035959883,0.2211919458112505,0
0.9798704499066118,0.1794156254906985,0
0.9400245878839477,0.3225518575712113,0
0.889303642067614,0.2310783506173843,0
0.8571767149640057,0.2670067864264723,0
0.813130024878328,0.31511129788733705,0
0.9899804304914217,0.197287344368734,0
0.9805956028879462,0.2781623586613469,0
0.9654700786369876,0.3671738418132082,0
0.9944594918944183,0.2868737153789438,0
0.9535506347033015,0.31221157037046354,0
0.927336153959051,0.27868141601093144,0
0.9733529913770651,0.22915379073664852,0
0.8661532942586622,0.33632165233655265,0
0.9750310270624863,0.40895385310759846,0
0.8154693790740273,0.29328229883266965,0
0.955966416114255,0.2167798566943069,0
0.8184455043232601,0.25000341401767245,0
0.8415573050543294,0.341402094621051,0
0.9067034771197278,0.313842145037875,0
0.990121477239508,0.3320132075388824,0
1.0417143534353235,0.34087761889427065,0
0.9636658251409917,0.36558466987293076,0
1.0393372460649413,0.3513225713528216,0
0.9113999453435153,0.3697137888047114,0
0.9021428702482759,0.4195624641152641,0
0.9466018331764903,0.38611105950760055,0
0.879359195762101,0.34039377706240725,0
0.7946545921697152,0.2834551522479585,0
0.8035787931727706,0.4417748978925258,0
0.8549484447715783,0.3461217005949134,0
0.7833655852781839,0.2763417753589589,0
0.8414487847781733,0.24445334800424068,0
0.8469640324757045,0.342767652813358,0
0.945731867552287,0.26096175233135144,0
0.9613219130967453,0.3690625738915033,0
0.967581469942351,0.3116806377760325,0
0.9886233456126293,0.31567957549309056,0
0.9465515367653836,0.2951811795825146,0
1.0652083477531713,0.30735709905141234,0
0.9930932834956423,0.2754419119063156,0
0.9626753097601932,0.2873962074321458,0
0.9792210577112461,0.25659437616061687,0
0.963027084204439,0.29103405193615506,0
0.8851268807554727,0.21435601315555847,0
0.8528743798102947,0.3018321178838227,0
0.9023755276608199,0.27463691877510826,0
0.8210535435854753,0.3707400652605757,0
0.9485713557995176,0.37094240247375304,0
0.8715016439783576,0.2856691162935204,0
0.7980265505267219,0.3174443911341319,0
0.839004317391134,0.3417627293601646,0
0.8381818616794783,0.2634774633109128,0
0.8390230833383131,0.3071970809285973,0
0.8654373541290559,0.27043065648858133,0
0.8471372780050128,0.19768649474216932,0
0.9265250419364293,0.22387021983400243,0
0.8622165119199624,0.137055113702295,0
0.8449299914244086,0.24017994284081995,0
0.8385645693939802,0.3159249109452891,0
0.8941520671531039,0.23348857522723498,0
0.8223607846467806,0.2669674997930105,0
0.8542133044738116,0.1998042594024746,0
0.8854385242457038,0.19978453855677097,0
0.9316459747843763,0.1487420376205248,0
1.024706633867231,0.10578031863428707,0
0.9583886369066119,0.17100816689605786,0
0.9076909820360203,0.18460018227090755,0
0.9738103852630121,0.24889227750926501,0
0.9014812800247989,0.23178270525414077,0
0.8703849481781422,0.2538696175488617,0
0.9660299309163172,0.2328247943821822,0
0.8955639353840542,0.3005875312806451,0
0.8559498749141546,0.19473479654238107,0
0.8575226949549528,0.1381122290079686,0
0.8735315499198769,0.15934910478010322,0
0.9031676229605627,0.20235913461852453,0
0.9628561384389877,0.24558842181775725,0
0.9730241989352306,0.1951097135300816,0
0.8802250434657142,0.09705181381718683,0
0.967101802143265,0.23101594663983133,0
0.9745489069874186,0.18992927753516592,0
1.0125337176914952,0.11440726931760581,0
1.004685610954629,0.1635864296986419,0
0.9774453579809572,0.03121494057861704,0
1.042374357570714,0.13594083695338308,0
1.0296870869451562,0.08341119819135417,0
1.0346911883685028,0.12348332576510536,0
0.9986856583461463,0.14362323726631668,0
1.01135805980714,0.14790613882777368,0
1.0267145478755983,0.032127757909650556,0
0.9601033180209809,0.041715886703861525,0
1.000783108994717,-0.03119747091237384,0
1.016722460813101,0.07501217488337528,0
1.0253081058773297,-0.03915733559382127,0
0.8885005946785067,0.019486129126063526,0
0.8955019706822899,0.11781097392480085,0
0.8730212456916805,0.10364648657461253,0
0.851735457207069,0.06446134221459449,0
0.8505236086753599,0.022733271323450162,0
0.8582768989546273,0.0007960036584444934,0
0.8993002221908671,0.03642153347878477,0
0.8893087718086657,0.04608396606581644,0
0.895612768355813,0.12283609424557708,0
0.7971301700395141,0.13685828258772512,0
0.8785844609940786,0.12120644853554406,0
0.7770088151620216,0.006403829230275618,0
0.7858605931466519,-0.02765199743045465,0
0.8475648524257855,0.0377379788984798,0
0.9408564214392967,0.03766632286138576,0
0.8522010747190188,0.12996919453232683,0
0.9071768993592998,0.11828945072323936,0
0.9196042396918149,0.14429684841250492,0
0.8972026813226102,0.07423161616233404,0
0.8778953468576329,0.06953996723525686,0
0.908605575379734,0.11657054852237032,0
0.9244267022818158,0.1826378511858232,0
0.9868008548080258,0.13213400579652426,0
0.9837529228080202,0.01775323754449469,0
0.9095706525502769,0.02505117097445123,0
0.9788897736171929,0.0350728102911804,0
1.029639224870536,-0.02330734075065216,0
1.0591417414927358,-0.06702215537825837,0
0.946846783879449,-0.039854585905293054,0
0.9349644656864068,-0.1564884495290832,0
1.0190847736050572,-0.11473783899281709,0
0.9701425890179446,-0.12998193702868738,0
0.9824759076406299,-0.1742816332811573,0
1.077238221618762,-0.11007549012100945,0
1.0150921255390948,-0.09623393083014936,0
0.9954962290880824,-0.09045662185243,0
0.9249910978818018,-0.18081089241586012,0
0.9410618518203123,-0.22148291140324372,0
0.9345863547825689,-0.19087749753455233,0
0.9219157736730031,-0.10825186665033901,0
0.852188175503138,-0.09613642996771181,0
0.8400590711693097,-0.08967025444662574,0
0.9100930435796711,-0.11034156196666137,0
0.8661336054426815,-0.08167367264081997,0
0.9914006674122889,-0.13339133552502638,0
0.908234843347599,-0.14444067713769987,0
0.8929558107296779,-0.06385611831409731,0
0.8250142504697713,-0.12955015024484745,0
0.8031895861001314,-0.04098166901789242,0
0.8839584188291008,0.042247778305378264,0
0.8151423135204414,-0.009688264488615664,0
0.8761115968828006,-0.02672016081400979,0
0.8171229610241151,-0.07897681268581139,0
0.787052165449098,-0.08623551270397997,0
0.7940524041352067,-0.0003467766986528925,0
0.8154267847720508,-0.001405580727348977,0
0.8563518461588582,-0.007509652678607313,0
0.8102512738757262,-0.029135780677345097,0
0.850381140215674,0.025965948228000635,0
0.8450837851651437,-0.01849683201734427,0
0.702388895452724,0.08009549012902663,0
0.7567790056185075,0.14618344607085615,0
0.7504402744260618,0.1481325160950714,0
0.7734423370730197,0.17609064482821674,0
0.7554781485162861,0.14622798478425575,0
0.7069805370949922,0.13871309497183437,0
0.8347598565391965,0.19296114277132687,0
0.8138616181356938,0.15535238545312668,0
0.7301033422865371,0.2246552691814438,0
0.7439990979598605,0.17453932164166142,0
0.7858241382380619,0.14271306640854753,0
0.7455588679869436,0.11024102338418551,0
0.751660317218255,0.13176284917477254,0
0.7937465661053134,0.12821142656462792,0
0.7375890361597606,0.10504228887527656,0
0.7947079118091882,0.07893221180049786,0
0.8026714604355893,0.11702415829077319,0
0.7282025625430109,0.07770074430364321,0
0.8028436654092466,0.12810338134943577,0
0.8177630547022303,0.08163532145131197,0
0.8038408583449972,0.05290876044569683,0
0.7844105704190117,0.14531110769662137,0
0.7603582336673559,0.10494934408154455,0
0.8026608461612537,0.08067678542438787,0
0.7633679302681045,0.09464830443713397,0
0.748538873898812,0.07210206492598467,0
0.7542159948051944,0.06126687707703669,0
0.7943287180280592,0.07901827540949896,0
0.8362305791097047,0.055681023255028515,0
0.8902965020066714,0.009884169293788943,0
0.7989350663477591,0.08661618473751093,0
0.9084977190332706,0.09583405951488884,0
0.9208701553081236,0.12072276382276709,0
0.8988782068155541,0.145969535871034,0
0.8119987877586404,0.14182477430501722,0
0.8442452991957294,-0.01707239302839153,0
0.7687918591792687,0.06890338062122082,0
0.7584301665837536,0.04894184876876697,0
0.769062224087187,-0.04344606038224234,0
0.7715036554049497,0.07606883159190259,0
0.7557208315742979,0.035773824315605794,0
0.7939989000873235,0.10723177734142406,0
0.7177998827656616,0.044409253210630564,0
0.6038775507016528,0.011917635714136975,0
0.6157109346849626,0.12653521254501066,0
0.7127079312645322,0.09741263258867103,0
0.6156008958355039,0.1647528615783012,0
0.604781064336944,0.14437959015430896,0
0.6450800005693452,0.12851272259598986,0
0.6275226379688835,0.059030957640703124,0
0.7508091730264493,0.019519584917974828,0
0.7098459655101559,0.09669855511186848,0
0.6993657235351354,0.21083838296999569,0
0.7402106197455867,0.1717582917614622,0
0.733452199780261,0.22573856596148772,0
0.6805900664874065,0.14634985418038132,0
0.683970561477173,0.18797640265573648,0
0.7540642509291349,0.20529621085465394,0
0.7344646183540247,0.18836617728333505,0
0.765479059007491,0.06834476710925494,0
0.6828663715162847,0.11140340809312865,0
0.6354874305121513,0.12065369728211213,0
0.5925869547191155,0.13883444666531952,0
0.5544914840787549,0.13402086381130213,0
0.5110917235428418,0.17428325283287882,0
0.6071528664079113,0.17140630633946388,0
0.5444164038466658,0.15575460747350098,0
0.5509031471566135,0.12143529910018772,0
0.5099017279946235,0.06513095123605876,0
0.5277529672711438,0.1665414117921134,0
0.4551039927361566,0.17976317948131165,0
0.538334264785659,0.1923765236200774,0
0.6189363442266981,0.15770344602191794,0
0.5420462398111274,0.2389699733022044,0
0.5063942601563153,0.16627256196415346,0
0.5405568739523132,0.1168916183879449,0
0.58534331068459,0.15356779768435994,0
0.6439089280203177,0.09305677787948333,0
0.6605904049996224,0.11552906112126922,0
0.6622487477155625,0.09025339509105498,0
0.5920281414172583,0.12483846651152589,0
0.6001091918690533,0.20448347878991086,0
0.7068583320646417,0.15370962434927007,0
0.5321091787026903,0.06804043114721504,0
0.5801579310086178,0.11040738762792504,0
0.5357189358407507,0.1013402625522506,0
0.568207373275359,0.13719880291033903,0
0.5385168615877353,0.13671340366889081,0
0.472865433175743,0.1516001708147745,0
0.5134230658153998,0.25249938745923717,0
0.529900811349599,0.2353158895337018,0
0.4657987582445025,0.24760559034020574,0
0.48330220183768524,0.21360275283602465,0
0.4344537040263976,0.14963009338543548,0
0.48551318074762884,0.2065963286496212,0
0.49876842048855285,0.0848011001056494,0
0.5257041204300317,0.22049889014247484,0
0.5605150918452688,0.18515101342444537,0
0.5032967165262081,0.12535581286172348,0
0.5647897083484831,0.26331077670361097,0
0.5394517762619208,0.23431667224119945,0
0.49826028543924156,0.23378436525133423,0
0.4674442725819442,0.25219292536992427,0
0.5346799818605216,0.2594018607912062,0
0.5478450756413069,0.24439976113811698,0
0.6080252121363985,0.18257734342700757,0
0.48046702365198773,0.227326860530811,0
0.5814990526613787,0.17637509445663674,0
0.5552952370875509,0.27928379485534943,0
0.5381570695324618,0.29106891131483886,0
0.46373336683640115,0.2542849281282785,0
0.4949099800130196,0.16767772264331998,0
0.4694707292943156,0.2704071121134556,0
0.4550676083988765,0.3068831940493871,0
0.42013595975168067,0.20997548040422087,0
0.47209765611779975,0.32247773767113963,0
0.5155857858326397,0.3958520588885327,0
0.5227188284633628,0.28165894247577705,0
0.49441080217535294,0.15169696810793487,0
0.451451710767548,0.0998794587827027,0
0.4349028224698256,0.24218185073301168,0
0.486829567432813,0.26218242962702476,0
0.4184209426790691,0.2404531920372304,0
0.44467489312208364,0.39060054730508953,0
0.4585209578841233,0.4013225161453419,0
0.36645825856218534,0.2559037139700751,0
0.3894010974499351,0.3044013233916591,0
0.3059842713009119,0.2408463442063475,0
0.2952041353093278,0.3397149626763851,0
0.18121837432906351,0.3510837250151098,0
0.3860708298284609,0.3719558146583576,0
0.37965130303321515,0.4417881756432357,0
0.323223063355314,0.4105870439468274,0
0.324745960539308,0.44284785223791845,0
0.2837067607680821,0.5043831071374189,0
0.3339356695182934,0.413546766952999,0
0.2337514994639177,0.4438625383852983,0
0.36828550110444236,0.42358287023121627,0
0.3415838593390954,0.4153753040226479,0
0.35360260978416236,0.3978180867658584,0
0.4299091684963105,0.40796429544982254,0
0.3242571520146542,0.42044166286960827,0
0.38282743941987274,0.45971637960444767,0
0.3558061705011815,0.500695259128189,0
0.4037321171821244,0.4772707585052713,0
0.38033074444022796,0.4355868541547054,0
0.3450408288955856,0.4038186476764816,0
0.3751660270483236,0.4229749090697136,0
0.3889609944654802,0.5398295510355027,0
0.4619462205053456,0.4273750705583662,0
0.3904927574352366,0.4356360151044415,0
0.5123380789086658,0.31646299447264153,0
0.4491627855394726,0.3193000832150684,0
0.5182892802354044,0.3359988761732996,0
0.5333685365321217,0.33308589802331356,0
0.4889063622917127,0.35728066647479756,0
0.6232061997774397,0.24251372786341396,0
0.5296737904140316,0.3472539519269445,0
0.4678465487947679,0.40464950868060134,0
0.4453235984580297,0.3368551414322791,0
0.45666294025476123,0.4707781749036253,0
0.4926676114706268,0.36838397922922256,0
0.5833106066501454,0.42621081682288686,0
0.6182677093697987,0.5051531073219099,0
0.5753321874750061,0.48776081901097457,0
0.6215312773710839,0.5209301549969809,0
0.535925210787645,0.549522690204159,0
0.5502545835248406,0.5400583216662124,0
0.603404036898068,0.4726799406819545,0
0.5995743060022071,0.6049117827261585,0
0.5035524882528358,0.6164498762045928,0
0.5964410851831827,0.559179587529186,0
0.5721996585942896,0.670438142647136,0
0.6059829349754677,0.6851326331256127,0
0.6123729939374439,0.5934506928605094,0
0.5839032864663564,0.5839565816204728,0
0.5464851032943693,0.6152091932745325,0
0.5682291388372086,0.5646320198027593,0
0.4372994208441595,0.5991475979017182,0
0.5142457963349559,0.597213199156683,0
0.5982555238573938,0.6078953464819041,0
0.5092029610700118,0.5500923395180262,0
0.5829860277230655,0.6026899620950609,0
0.5708004557571935,0.5228496979142828,0
0.5596616511687249,0.5333343443686019,0
0.5932421594450699,0.6019624794022228,0
0.5367907354648158,0.5602093387125461,0
0.5307843231790041,0.5313983590026122,0
0.6598929931071753,0.5015959070501437,0
0.6774232888645192,0.5894516316857716,0
0.6660740683459291,0.5999586386941493,0
0.6344176454354832,0.666810782150343,0
0.5750364596014111,0.643929636050277,0
0.5743150956220001,0.5963921507172072,0
0.6112811797531738,0.65235891259427,0
0.6846751330077295,0.6690552851656558,0
0.7779939905531512,0.6037354223056705,0
0.7258777315109282,0.6205523120017656,0
0.6636608141873591,0.6097566460732722,0
0.6459872886923274,0.5793778765133274,0
0.6660233392239665,0.5015498866319293,0
0.7084529110519051,0.5983680815984408,0
0.6647258645333549,0.4643876364969206,0
0.7336061922397489,0.4476794184121971,0
0.6603369364892021,0.48340379481474827,0
0.7504577321607047,0.4850117173498339,0
0.6675304725783371,0.4896879738580962,0
0.6729815488738304,0.4924154565600125,0
0.6596668291314044,0.503869709410081,0
0.5942229754562508,0.4818014394135472,0
0.6565706500003069,0.552877651511166,0
0.48156391779614305,0.44048984056829954,0
0.5449452525068327,0.5194614673260275,0
0.6709673675406034,0.5327049133271924,0
0.6741863146569943,0.538290786154957,0
0.8229235760662026,0.4729691869598529,0
0.7062050737089556,0.43309732284701885,0
0.8844081117205359,0.49102771489938163,0
0.7732290803325977,0.40963125756570323,0
0.791706887333652,0.4689102274137643,0
0.7667158985494993,0.5136628953242747,0
0.8098517996178083,0.5856011074374328,0
0.8332250187116331,0.4323870729361764,0
0.7983956830014276,0.4495110634395742,0
0.8037324494584296,0.4675934574552023,0
0.8424247519530583,0.5001777808284916,0
0.8403876357212743,0.494601889044932,0
0.8740783148796087,0.506434618537578,0
0.8380369617686418,0.5518558122651345,0
0.7404977285594037,0.48060950757299425,0
0.7576645396899119,0.4531585616440596,0
0.8428735843371801,0.5786682902039391,0
0.7786963862316322,0.5241500390684964,0
0.6502335206188217,0.46805460795312676,0
0.6219068224691765,0.5330394323924126,0
0.652297053760047,0.4483151544112655,0
0.6951952525134864,0.5045005238248387,0
0.7337413264790507,0.5809346703124251,0
0.7709024763008463,0.4452726159325261,0
0.8125122157409796,0.427957356615782,0
0.8589161287812453,0.3821300444577157,0
0.7715409450125705,0.4315737363987229,0
0.7394105336093719,0.5242389042607629,0
0.7991744181717758,0.5650815866544591,0
0.8678102068034872,0.5527981060226008,0
0.7930991758657147,0.5654052227900377,0
0.869774811567108,0.5443946721605035,0
0.8825325796693622,0.571158801337784,0
0.7741901016385805,0.45588325462383356,0
0.8176217675522469,0.4638898902336765,0
0.8490650413739296,0.4276360520462954,0
0.7643342969317848,0.4150518559178252,0
0.8129791962617445,0.30394222199408544,0
0.6746437617330063,0.30256992826660906,0
0.7530630409385495,0.23871995059439693,0
0.7911889257249055,0.29938110065788226,0
0.7803560400803221,0.39111724982494206,0
0.8746601020463404,0.4455935374037976,0
0.9114096507665115,0.35802318009678635,0
0.8437226380595039,0.29779825383498487,0
0.811758271858659,0.37405105226674584,0
0.7837168342462422,0.36043777530461557,0
0.8156315211259999,0.3955122067506469,0
0.7368917639162498,0.24103340255068045,0
0.7489977407267,0.2674757321786803,0
0.7504984297094477,0.2805332623942353,0
0.7028670975602257,0.23862905297725379,0
0.7782017836361096,0.23025114222182905,0
0.7803732750063586,0.22452863549781993,0
0.7258748536311007,0.34133948144964754,0
0.7718794247459269,0.31924633327437996,0
0.7275023144649411,0.2792829629100943,0
0.6973191166123502,0.2192796534365249,0
0.7707308958223148,0.1799903250040804,0
0.762721629986439,0.2459123649867549,0
0.7940388942996729,0.24293280404689632,0
0.803129347001913,0.24973108957263937,0
0.7046193490569828,0.19754894876198936,0
0.7138439130646279,0.21698532458626285,0
0.7367574648257664,0.12335441009042522,0
0.8817261358037192,0.12280679329527232,0
0.6449629658750975,0.22259686983164198,0
0.7587292481636306,0.10201868373745156,0
0.6769646822371974,0.24930839248188796,0
0.6713655544773646,0.28477542349379187,0
0.7542946185206982,0.3078976537675039,0
0.7488534878668844,0.27800613006046926,0
0.7667735729153249,0.2644223082577729,0
0.736297628031268,0.2823765927467127,0
0.7152120567874884,0.2910373321480559,0
0.8024056969123529,0.2784500577272784,0
0.7723226625675793,0.20569702316144112,0
0.7477215607469899,0.23642816647909604,0
0.7344040392496252,0.2945568752127357,0
0.7185517675892887,0.26544092636728295,0
0.7131718518190758,0.3327633740526994,0
0.6540959523269887,0.3163958424282516,0
0.7865265112310293,0.2922722574843063,0
0.82225429358285,0.20073296164107562,0
0.8123204659400368,0.28740560965243245,0
0.8850662100708094,0.27653033854166176,0
0.8918942850996822,0.3247572885832437,0
0.7350427537155242,0.22017537522676645,0
0.7651357277516017,0.23814709157179587,0
0.7478938947719839,0.24731267903931767,0
0.8422355616467514,0.32750233044108146,0
0.8250776600432157,0.25954734230472676,0
0.8094023367055675,0.31963344932533233,0
0.8067880186833877,0.27051740212940545,0
0.6713235029734012,0.3236508834267726,0
0.7148247763954717,0.32584011478316255,0
0.7460779711956339,0.3389987671970791,0
0.7732597823933935,0.2728827535923307,0
0.7143546677307874,0.23511283694328755,0
0.6866565171900219,0.34060255259530425,0
0.7604319078343763,0.31622836434786467,0
0.8066877655197258,0.3396485452726452,0
0.7075968471714326,0.3502749453731806,0
0.7271271685068237,0.22566605234342738,0
0.7294519113253266,0.24232140246854006,0
0.8312020772566373,0.20479532045123416,0
0.7791561867633754,0.34400122371368214,0
0.7734380638561489,0.3285552518157159,0
0.6977897113373661,0.3398534231099624,0
0.6156280739132253,0.44177019157829855,0
0.5521239092871777,0.4872265633937364,0
0.5829650880573854,0.3517541837877426,0
0.6452490656788253,0.386547218473687,0
0.6435581221125558,0.384203709808048,0
0.5434983360768424,0.4226026692476057,0
0.657531190478763,0.34783543956180474,0
0.5863890795478078,0.327450082975984,0
0.6201118780811931,0.2553027542511733,0
0.5069387939588007,0.29262453548612954,0
0.4488427856614249,0.3647933137199164,0
0.6020784148271241,0.2962545319507067,0
0.4895435554242179,0.22597156591139683,0
0.5309393915084577,0.3306756362880687,0
0.54727246138082,0.2431778211649018,0
0.5119160988428952,0.3221259675362105,0
0.4670168167803112,0.3184609150463136,0
0.5644056609378466,0.26423518624593023,0
0.5105548020247506,0.27255056232283187,0
0.4724885238031083,0.25805705855696043,0
0.5606444343780069,0.3066818564155049,0
0.506217258786283,0.3377932798484366,0
0.4813562509012492,0.3216158041706799,0
0.46518737832672896,0.41879716824519525,0
0.4547246553804329,0.45697244346242927,0
0.49518154870781805,0.464040242400167,0
0.5103663428590361,0.45957699621301695,0
0.45268428888479756,0.4858094198871777,0
0.5292054607497909,0.4037131148245777,0
0.5519500517085426,0.40904039194449815,0
0.47764458688074524,0.4155034197348594,0
0.5969684435471883,0.31577454034564617,0
0.4968105055583159,0.31108475497460475,0
0.53258820883209,0.44457829525074866,0
0.5222185121357894,0.3905401044847956,0
0.5279727952713256,0.49847167264739006,0
0.4981466113279272,0.5528655255394707,0
0.523980954134706,0.5812944115296518,0
0.5663533460305268,0.5174478670378148,0
0.5154282424868027,0.4334656376179055,0
0.4829776486831403,0.47367542287726766,0
0.5188340640016081,0.4072176222691765,0
0.5609820995224702,0.4781747855117395,0
0.46537229982551914,0.4160249934746034,0
0.3783431487053189,0.5402221580252357,0
0.35228688629965105,0.46497365143424696,0
0.43919985737337297,0.4571502916577779,0
0.48114775668261567,0.4976054845768904,0
0.5002381622337572,0.5864148664188962,0
0.608494419422637,0.6057605361354872,0
0.5516709050657944,0.5704507844919328,0
0.6162323829170029,0.5624951882808482,0
0.6768793781450966,0.48861262851382514,0
0.5574974238598143,0.5038820244327393,0
0.6132331662477268,0.4729192973701486,0
0.5517687675516231,0.4911340238772736,0
0.4924128812092653,0.40339545162787854,0
0.5141201573538616,0.4573637089873246,0
0.5904024414294077,0.5147131922098771,0
0.5913343793820197,0.460063951988211,0
0.5654944993147868,0.4430085289353828,0
0.5921609547851513,0.4533371813664279,0
0.676229951602352,0.4438648974095283,0
0.6255182961607474,0.6170629302091122,0
0.625939613570708,0.5065728644197625,0
0.5972166426189625,0.4479477771887025,0
0.5707817495455626,0.5050149507094962,0
0.6070945081710067,0.47573998666033374,0
0.6137543855255335,0.5088785042187118,0
0.5547160729117971,0.4521826512912679,0
0.6104168147975413,0.41119320857951447,0
0.5405356218500514,0.4730074486287744,0
0.6032126700240723,0.43683672552875574,0
0.6557991284853711,0.48101515300777153,0
0.6758609480659213,0.48794457416074943,0
0.6460263513613221,0.4508404489366824,0
0.6551268581451212,0.5662733205401121,0
0.6463445482288955,0.47752173575875484,0
0.6515456509835649,0.43598464514458013,0
0.48764468914327797,0.39920128518351666,0
0.5356251700495105,0.40474261880945583,0
0.5825626584343209,0.41490586031578836,0
0.6351729590428765,0.39726521683215643,0
0.5836945984669185,0.3778140155247958,0
0.5539160009177633,0.43997678574565213,0
0.648702752701529,0.42420301374565134,0
0.6383997559824829,0.35699041846797364,0
0.6107069099534818,0.42871986603073625,0
0.5915740167997806,0.32664781400257753,0
0.6499052271298946,0.30567335688396396,0
0.684549970390015,0.29322078801591467,0
0.5503845554872565,0.313233248730883,0
0.5537885691330433,0.2889482527780338,0
0.5660649830391964,0.3568268775531439,0
0.5382363170044567,0.2717963171351622,0
0.4915980080938854,0.2599338509318898,0
0.4926771273177513,0.2473457399018658,0
0.6131326840593372,0.3268383852641214,0
0.5307442265160957,0.3581790680116129,0
0.5953315963497122,0.3915265446222984,0
0.6344715077165477,0.2933238004778439,0
0.6512257405870054,0.3492989432335106,0
0.6450363219840837,0.33896449744866397,0
0.6518260044340191,0.3824063756491391,0
0.6645860352967158,0.33969782459200726,0
0.6448459465045178,0.1882216982663149,0
0.6289169878626129,0.27853681986192397,0
0.6011638725413452,0.39212326084349036,0
0.6732995284653307,0.2629547174671798,0
0.6953420254471556,0.2092866987166037,0
0.6436822624020482,0.23618976973636396,0
0.698974280181516,0.22704343621123177,0
0.7156772169893186,0.2761074701656478,0
0.6811342011406677,0.21348435726012693,0
0.7833719052571556,0.2633717217826868,0
0.7647140379153714,0.3104109506558995,0
0.8319449548793959,0.3276054279537998,0
0.7630666748585369,0.3515865663435983,0
0.6966239660777029,0.32024550939591895,0
0.744500884949368,0.24703453008804085,0
0.7254448081559025,0.34518523293106973,0
0.6960460918739674,0.2756822027406115,0
0.8335599904812354,0.2543258619366728,0
0.8790010291311601,0.29060218768023366,0
0.8372599693041545,0.3638561112860531,0
0.765656023965085,0.38321658634909295,0
0.7683376881879704,0.2719324295037587,0
0.8170180821942632,0.3414765153738549,0
0.760300597631747,0.44613978090061834,0
0.8121668158350663,0.40641586217653247,0
0.8621268857505592,0.39977008765028993,0
0.8409053616333787,0.46828154088534363,0
0.8795691885494393,0.5052117983121766,0
0.8518145883486283,0.41967921299262106,0
0.8434874850125569,0.4377966557822297,0
0.8429369318843877,0.4714189760040135,0
0.7721320700333416,0.42298977809142163,0
0.7608828877566133,0.5053201048679073,0
0.786262820917018,0.485914488131689,0
0.776774350818948,0.40587607355895694,0
0.7936823625535974,0.4233171344316234,0
0.7864760992911319,0.5317185412131522,0
0.7747530390709318,0.47632990411452136,0
0.7198375828672189,0.552558750295342,0
0.7034465080079598,0.5176756214840933,0
0.6851910737175178,0.500488301773611,0
0.6393663065473906,0.4920593275568374,0
0.8077793293688439,0.598054897676065,0
0.799232415431355,0.5122519428351856,0
0.7394500932067607,0.5522271119959833,0
0.7145274643098409,0.5056899416152911,0
0.8378788013947803,0.46492570241351855,0
0.7788036881810438,0.46235201363143397,0
0.7920371293653481,0.42362224569723517,0
0.8081333460093579,0.3826263330155123,0
0.8264493098341895,0.48300911534933455,0
0.8274214509792412,0.4849853158927214,0
0.8315809605945339,0.48392868290686436,0
0.7329988376267448,0.5021225781032722,0
0.8007313059232514,0.43200848586142004,0
0.7980450720869193,0.46822966194054016,0
0.7307847897964455,0.5180266792579576,0
0.6928027614506622,0.49076827501397824,0
0.6406431520858996,0.5120368322016087,0
0.6753644284923702,0.5959789169296406,0
0.6245374860730534,0.557126951865117,0
0.6972341741609512,0.48008543621158645,0
0.718686169178739,0.5490790047496601,0
0.7065656736215424,0.5074119064458444,0
0.7075725891629067,0.5069852847895419,0
0.7418343880808989,0.44391088477217144,0
0.732899797142552,0.44289180579838133,0
0.7264985317341934,0.48016369173291873,0
0.8411672725951684,0.6096504930867386,0
0.766364495182463,0.4852032811232625,0
0.7319300264447297,0.5367642693331135,0
0.715603068471572,0.5946725109478591,0
0.7078872191429337,0.612593030697721,0
0.7679563899442395,0.48342347685251075,0
0.7045842439088434,0.5498137945556434,0
0.75774369819055,0.49695810920808936,0
0.7990852504053526,0.5410594564645442,0
0.8672413039556112,0.49385087508337977,0
0.8074670163768579,0.4892463770115992,0
0.8108789927142214,0.42025700639636077,0
0.8398675290125968,0.38472650177389445,0
0.7758799301366675,0.3989601145417358,0
0.7371139430496539,0.4539437824406392,0
0.7040148976241065,0.44739770852395344,0
0.7348456917216548,0.4649896141956731,0
0.7364131837215191,0.53633594824971,0
0.7714361694346551,0.4130902535973937,0
0.8365217372524337,0.4857098382979416,0
0.8097193115840395,0.4219488472321349,0
0.7267726137629298,0.4363573897151795,0
0.7180940187182311,0.3667545583515327,0
0.8385407152201728,0.5048880319454646,0
0.7698027740380168,0.4214161652437134,0
0.7394692051169222,0.47200362851835265,0
0.7951000351506099,0.4653871038908137,0
0.8000156833463411,0.5249208280983663,0
0.8466705240557066,0.5034364933320018,0
0.7928501455977753,0.4162412565361655,0
0.7704885620912666,0.4278695321971285,0
0.7738861446708469,0.4356782819793064,0
0.7854851957470452,0.5343312183915636,0
0.7033776077966393,0.6086805873600322,0
0.746718889454442,0.5590888589273229,0
0.7947915672077601,0.5773657206969866,0
0.7846285520106683,0.55944669131954,0
0.8170711467716573,0.6838987617073474,0
0.81239130643448,0.7329434910948142,0
0.792221099004625,0.6642216581696447,0
0.8448285959879897,0.6539067549278353,0
0.7986947083482265,0.6061708724089978,0
0.8516834815493909,0.6055584075249392,0
0.8225011758411016,0.5920429209128613,0
0.8376708140577914,0.5127062891374367,0
0.7300238959743149,0.43696826176854137,0
0.7876172486447708,0.5556229313480849,0
0.8300643701100561,0.3824305185386364,0
0.8318164416578366,0.5098795728396975,0
0.7122678298849089,0.5398731978895395,0
0.8266093052419332,0.5522282164991468,0
0.7454482316086668,0.5819028852655574,0
0.7608933939625068,0.6538385154765399,0
0.7475302931718025,0.5657647292477375,0
0.8182152065274095,0.534236661883557,0
0.8077294871702303,0.47307388925933463,0
0.7539489320928405,0.34211644792336204,0
0.7562297623501592,0.3761627999409431,0
0.6849572689724204,0.4015021910922794,0
0.7781710375462565,0.3785636977286655,0
0.7177343707469006,0.41380037044897944,0
0.7524640647306877,0.47016912074899925,0
0.7104398890216899,0.5735703978954505,0
0.7104159909466905,0.5453810485178082,0
0.735744217324098,0.48902408186095975,0
0.7647590985904309,0.5694856442928616,0
0.6789348099468567,0.5544333379730695,0
0.7136004322550007,0.552968879593486,0
0.6662188227931938,0.6384795793728832,0
0.6200211053655365,0.5376063281055883,0
0.6336866502014459,0.5535001325822992,0
0.6666074949160019,0.5124003409335135,0
0.7514122832960134,0.47986478794812076,0
0.7535441757703034,0.4788025281354656,0
0.8252406170626346,0.4924806909431335,0
0.765858870282368,0.4813767495010491,0
0.7949918440140993,0.4413033784775619,0
0.7869074728787738,0.5296589040639286,0
0.7642899937179779,0.5359910099632845,0
0.8977571495655695,0.4757272627722361,0
0.8251948219147837,0.5396635754245624,0
0.833910743012736,0.5038544166739032,0
0.8335345334999031,0.4862522129757448,0
0.8088282132196221,0.4683013273460178,0
0.8511706802684502,0.4754665501923269,0
0.8000875464428366,0.439959704992632,0
0.8443734120320485,0.5071848065615566,0
0.8131681745813455,0.4519011793153189,0
0.8385975362141105,0.4155829510048552,0
0.8152478121023836,0.36132566776976227,0
0.7740184581248563,0.4122963310023574,0
0.7655145345899923,0.39202454238611223,0
0.7819959354889807,0.40325900029762474,0
0.7587883254379669,0.3289745464862848,0
0.7459961891523805,0.3808713867418344,0
0.7231805005908578,0.3786514408182544,0
0.7977117647160576,0.46431328693344814,0
0.8221152469425571,0.4422422825691931,0
0.7279012359934718,0.39782348115672633,0
0.7381876215164971,0.35505260727327675,0
0.8286867678787206,0.3733800330077413,0
0.8754859297463059,0.3719344728096955,0
0.8006631673589564,0.43728667960429407,0
0.8186046063370492,0.42705174126015644,0
0.7369514478495255,0.39352613626912086,0
0.7683569297423217,0.4290407521834971,0
0.7805690673160218,0.44592562678241127,0
0.764259649659914,0.478590564695458,0
0.6802898904517339,0.4414373685490084,0
0.7189500073317013,0.43392602916104595,0
0.8269570718311159,0.4601021199690182,0
0.8664643512925763,0.4952930091400451,0
0.8663709824069348,0.5194894248164555,0
0.8141789534841217,0.541435333400122,0
0.7148395939019324,0.45777100766783524,0
0.7367101715349135,0.42966076267254855,0
0.65354320514659,0.4933905844380211,0
0.6691303529727664,0.48137863940412706,0
0.6555621271678945,0.46151205745265655,0
0.6445263908804542,0.4524573316130949,0
0.6583288846760325,0.38545607911427676,0
0.6182677790243833,0.27458290515034156,0
0.5684552311092235,0.3868522040010185,0
0.6481791826950153,0.44573338614954067,0
0.5682326675796334,0.3988212540255305,0
0.6281888410567582,0.4217469102234953,0
0.5830514754771627,0.41582978443497126,0
0.6006190829978658,0.40721794991378146,0
0.5829981301547414,0.4634886833788794,0
0.6723861571632959,0.5149170686038262,0
0.5513123443185798,0.49971442049361686,0
0.642898191336524,0.40108287554778527,0
0.6705000766085919,0.3964201762390994,0
0.6978054893279012,0.4313232521950843,0
0.7014696873633298,0.45332082596215456,0
0.6096112203973023,0.4397355467914321,0
0.6015246313407256,0.5048387803774648,0
0.5889780180306581,0.5188772586109573,0
0.6678373368289043,0.4714408029283732,0
0.6740522825658776,0.507649850315801,0
0.6578307370311214,0.4333502096343377,0
0.7018283337186451,0.5020780282950243,0
0.7170104540553007,0.42247495882479225,0
0.6797982610531905,0.48456111226321946,0
0.6936339460864892,0.546181047150584,0
0.6456281658207008,0.5193396733812634,0
0.7010791559993219,0.541997598935413,0
0.6680744818224537,0.4901567683923625,0
0.6917048762081954,0.5631459969522683,0
0.7252066596112262,0.5694569107458275,0
0.6850853346860525,0.55733066253824,0
0.6897407770170766,0.5216596579308904,0
0.7135866925441753,0.4299820591027732,0
0.7953107968187241,0.4135165028196968,0
0.5789227634514947,0.34489683390242803,0
0.601454621868208,0.35033338801848923,0
0.6415731812882044,0.4094335301408249,0
0.595575223639115,0.38452481642286845,0
0.7171394299610193,0.3276950614019648,0
0.6902883048784786,0.3770435943806411,0
0.660103560826546,0.40120397100393007,0
0.5576896366938731,0.39592695840987363,0
0.658340251882142,0.5086467074566576,0
0.6353428455588963,0.4376375473255939,0
0.7083594538743933,0.38491247876052864,0
0.6769413805670912,0.46355128012553715,0
0.6974680355110381,0.44521066400906456,0
0.7982540514558822,0.4629680175676241,0
0.7472608336538442,0.615296658484789,0
0.7641318223705169,0.5342208992175899,0
0.6337745049918455,0.5721565846257779,0
0.7015775609541344,0.4239753381954831,0
0.6901666483926876,0.4879262106360437,0
0.7279976547949699,0.5677483762136365,0
0.7940295885328961,0.5567755077095271,0
0.6838654856636321,0.505200832777019,0
0.6946406620148593,0.4738358220510631,0
0.7842493191654369,0.4619638141480556,0
0.7251558993971825,0.5288064635008515,0
0.727044276526655,0.4990942159524364,0
0.7928339834632657,0.5220668103878295,0
0.7049056994411431,0.5248626486815418,0
0.7504398013945832,0.5669441915437257,0
0.6858562861279613,0.5602054465333667,0
0.8202732986497955,0.5512143405789559,0
0.8016578575017181,0.5039186944375756,0
0.7941359098471688,0.537238593552852,0
0.7252029892878195,0.5464453728346926,0
0.7069013011746812,0.5881916115454654,0
0.6252138772808428,0.6665155276679537,0
0.6779974047335373,0.6047391708071304,0
0.6550061468511329,0.532798377305777,0
0.7364921994735046,0.5235285095990748,0
0.6627810509021136,0.5095979769927896,0
0.6321213853821729,0.5069879690526242,0
0.6097163940308031,0.4483039230256033,0
0.6281782093645825,0.4556475076441515,0
0.547523375497003,0.4490879580701269,0
0.6068894059088067,0.5699231577531539,0
0.5478177678756472,0.4742136078894146,0
0.6238913471799954,0.48497782253979066,0
0.6270688678073905,0.4590289075790907,0
0.6009480397330609,0.466862353208994,0
0.5738737497157879,0.5660210657912226,0
0.5410343640281251,0.5684361829652896,0
0.4462095032067809,0.6145083910620046,0
0.6012282341553743,0.6302532475844467,0
0.6123442632218559,0.6268667547319132,0
0.7047481513328088,0.5632011203415952,0
0.6657863975364677,0.5464900188304137,0
0.7461614571899701,0.6108043343837034,0
0.7296672880924701,0.6552717124871004,0
0.7816041651968185,0.643465388960759,0
0.6294930874237021,0.5683425024999507,0
0.6100016081123135,0.5035239847736702,0
0.6828371062182164,0.48054248202397337,0
0.7195707012040825,0.6181228166986545,0
0.6988135901176304,0.5275625979263455,0
0.6902518295402833,0.5584700773029521,0
0.6420179429353319,0.49999305923529647,0
0.6413026350914295,0.48569113143189535,0
0.6377158135572439,0.513694750583521,0
0.6775361769048963,0.5103431660664156,0
0.6484442433984198,0.495878983188067,0
0.5934478753499173,0.48623658587135693,0
0.6420460900934669,0.552115823786107,0
0.5236028384336853,0.47944693581549835,0
0.5757810015721888,0.3569783989494643,0
0.5734533048894449,0.5287045423322497,0
0.6716106729888309,0.5919099871820631,0
0.6139241418064935,0.5867723495850868,0
0.5871200762211969,0.5492355061263234,0
0.6117646873992096,0.4938999880320289,0
0.5711315137061778,0.5903411836494462,0
0.5644329593702877,0.5366718738412303,0
0.5554824467112501,0.5615915554607128,0
0.5466598067927833,0.5606665154880411,0
0.5462614209502956,0.6817475467410533,0
0.5330920470522937,0.5868719014020677,0
0.5155670628243059,0.5946555902312782,0
0.5405674241174042,0.667034710395938,0
0.5026730065288887,0.7115294472918997,0
0.5849909759040651,0.5818745915425181,0
0.47798851018711114,0.6093297302496238,0
0.5182460957627489,0.5742698168898566,0
0.5215849576212815,0.5925558360034877,0
0.5173272305088931,0.49179219799853263,0
0.5940243809048202,0.4808714104522902,0
0.5514929121951596,0.5975956534139273,0
0.42470267720227295,0.5295396840057838,0
0.4707326629068521,0.6195868798079848,0
0.5024134199267037,0.5970986346589426,0
0.5619864960830248,0.49529212445009313,0
0.5577712071570551,0.5084898094152123,0
0.5434979691591197,0.540698690085508,0
0.5733046481871571,0.47706456388430896,0
0.4851752410414306,0.5041918146164709,0
0.5635110192209414,0.5774170919562408,0
0.3975316366090733,0.5173138196739429,0
0.5741410867694656,0.5003034341530148,0
0.4370551067447005,0.5430989141083694,0
0.39872857912931065,0.5068221894873817,0
0.4148407794465122,0.5367829148954285,0
0.43672580495708097,0.5597606269099709,0
0.5112554462651292,0.509056099549931,0
0.5004649107614381,0.4725884067692421,0
0.49842859243955145,0.5754220334014407,0
0.5443140641856135,0.4777763172058635,0
0.5537296284118594,0.44960933600311065,0
0.40961392375671846,0.47927251742764143,0
0.43331725055945153,0.5095179026759493,0
0.39925475384886827,0.37567616888719235,0
0.4201798405678693,0.46039876021523346,0
0.4643472846626549,0.42962789838847326,0
0.5695746899781854,0.44875505768799645,0
0.47811903157117885,0.4202095298347334,0
0.49370471079552003,0.5125294729414901,0
0.514365630534252,0.4772951765106372,0
0.549879888688849,0.4549048323883108,0
0.547446389439389,0.45719418954171925,0
0.4823650567170941,0.46568279604589513,0
0.6060388943072594,0.4447128388020858,0
0.6184757910085144,0.5532355120276758,0
0.5421496115229698,0.47306491890346203,0
0.5950876594803949,0.5252854498262018,0
0.553205194573754,0.3641755362934118,0
0.482673717238777,0.40255240306828843,0
0.4969938855078382,0.4463535712935083,0
0.570350127369654,0.3713657928303264,0
0.550404001815991,0.3365662940636241,0
0.612952571021681,0.30070167182269075,0
0.6109846232347277,0.43494159092758666,0
0.6627821777698699,0.34644281830078166,0
0.6301997727069791,0.3593361572999354,0
0.651973231141887,0.42579559267890366,0
0.5491194720972319,0.38182445045892716,0
0.5467755364299236,0.3831013160868732,0
0.5692439086540638,0.32256616004614136,0
0.564287326174604,0.4107731875764026,0
0.566781079901284,0.3733409271134295,0
0.6577213380617697,0.37009687886467696,0
0.48849013001972286,0.38469658484633806,0
0.5203407386671324,0.47083142108179177,0
0.5498364939407735,0.42397123260495734,0
0.5141389667645789,0.3638890165706566,0
0.5349922847924746,0.4147661330027787,0
0.5328786554901935,0.43970687330714936,0
0.5626074490387047,0.4484475162917932,0
0.6067030335681523,0.41381744233215356,0
0.5609922098258859,0.3918260522615897,0
0.5853205667360991,0.3620129587695729,0
0.4774005824777464,0.4375849161620473,0
0.49215520392860224,0.295966107337569,0
0.4202746039200116,0.3320745463900635,0
0.6297189702460184,0.3465173996747405,0
0.5422454452676875,0.4033725346434473,0
0.5857075114006999,0.3814311393317076,0
0.5667343727091343,0.2995383474989851,0
0.6365752731298764,0.38047002941444286,0
0.6117412428496859,0.4044177139480122,0
0.5764140236288922,0.5037281175321895,0
0.584238521014927,0.4416019661445977,0
0.6913069734442263,0.5334411005902369,0
0.5791251750837846,0.6015374327455962,0
0.5966151451587776,0.5537951975341766,0
0.6331898708271485,0.5616938162571112,0
0.5752420721906611,0.5529501482399198,0
0.6214510805247239,0.5675280376893066,0
0.6266581484658221,0.5142161331927313,0
0.7030550611383414,0.5218477253630392,0
0.7071269253186058,0.4305744570369674,0
0.6976139866719488,0.43477672669791323,0
0.6272247689599325,0.4848374524497517,0
0.6841008128233645,0.42552148586687566,0
0.6289571373683392,0.34569419667673285,0
0.48610177865978554,0.41353228602000414,0
0.564331015994589,0.3280466206190502,0
0.6108380941326805,0.31902882198965693,0
0.5949463639933572,0.3730589072803062,0
0.5439458514980012,0.378753689304663,0
0.5831851828857343,0.43824482069811294,0
0.5609633365735743,0.42745220983650445,0
0.6220558536160589,0.4508962104369377,0
0.5874794173278733,0.3502678929192371,0
0.5631459655483287,0.42246988457214296,0
0.5711645536475072,0.539673644513632,0
0.6495684818099858,0.555816978305229,0
0.660864579603404,0.6041206904145938,0
0.5388389824615151,0.5895585543703005,0
0.5543767678985464,0.5791321235878977,0
0.5220236902555057,0.6266783497550608,0
0.5578801863595845,0.5358428453664318,0
0.49339200431891295,0.5072676466896517,0
0.5176154975083445,0.4776178113992112,0
0.44756016719045877,0.46079383217499614,0
0.47426415186907045,0.47383623835553856,0
0.4872430659941962,0.45256481469108073,0
0.5043095533946516,0.3999188867990894,0
0.5281843089730622,0.4538822501347631,0
0.5064579012861371,0.5023557776173843,0
0.5653677556175021,0.46651185424034636,0
0.4834058157795101,0.43898758455329423,0
0.4214942094799695,0.4547679450623162,0
0.4506686263264468,0.4948335997625574,0
0.49545793922491677,0.47769201923845694,0
0.4224344927404792,0.5664170955497567,0
0.4658939428674434,0.5403560972733007,0
0.40669803982669445,0.49406923401258257,0
0.478754177257492,0.5356155780852778,0
0.4915519546990799,0.6116066830786923,0
0.45181240800767475,0.5593338000390308,0
0.41556860733901424,0.5420979773696557,0
0.32645795802746763,0.591959353148558,0
0.37035729525786504,0.6132688878960526,0
0.3962029961496984,0.5065226088289085,0
0.5283063458695999,0.5805799939001572,0
0.47704132041174013,0.517266562146839,0
0.5524834756641331,0.5744376370170319,0
0.5864175900805935,0.5066658748212749,0
0.4650676945261194,0.5011815458201065,0
0.48373369323990684,0.6009477044258928,0
0.3888653297003054,0.535195603089938,0
0.352933058736264,0.6427458306472731,0
0.3774223987193537,0.6619741906732164,0
0.4853906622808779,0.5354641309097922,0
0.5589384988591516,0.5531713298810826,0
0.44342548203302923,0.5459623944326326,0
0.43961960117053267,0.6573740056980489,0
0.4259879321485207,0.5079521528145512,0
0.5375672969806796,0.5310317140746484,0
0.46216786955575107,0.4688373842184275,0
0.39456876867777474,0.33889552576726556,0
0.4003118033575389,0.4097602761014106,0
0.39892111859722784,0.42794894191865096,0
0.45808293731941613,0.5399983655523762,0
0.5460690253359681,0.4952141607417016,0
0.5225730702538317,0.5882106086701692,0
0.5041017593311629,0.5875805647947282,0
0.4865005831591802,0.5582320035317521,0
0.50761104369276,0.5211173595992645,0
0.5415967254237349,0.46038153433212736,0
0.6157651090254591,0.46119594209485354,0
0.5543090914415282,0.49925341378471805,0
0.4999318617145222,0.49842153621237556,0
0.39875339594846726,0.4446342016538461,0
0.5435237074681865,0.4575682769412678,0
0.5261519925840246,0.5042742126074202,0
0.4453182730745194,0.5429791020423131,0
0.5506277396909839,0.4563378834517098,0
0.6320654451376014,0.5635905696548648,0
0.5944444071348837,0.5101172978447013,0
0.507952836641731,0.5048720856058595,0
0.5095987686926712,0.4604946955758017,0
0.4709454593733751,0.4483198545361412,0
0.39524299719766554,0.5213417598600463,0
0.42346787696322913,0.3403427034628492,0
0.4439033907058782,0.33656120762307296,0
0.40116067063279837,0.3657991926858401,0
0.5180356239913423,0.46981568853067984,0
0.4557631940537048,0.5317489458041093,0
0.4899588919414321,0.47850736213804146,0
0.44322595634187223,0.5976345467173481,0
0.47865188596258323,0.48974812519191535,0
0.5497640408960586,0.5346076321593722,0
0.5107251185570241,0.4290938142257922,0
0.5799941233936562,0.3485702811400041,0
0.6420724832774007,0.4232737167282855,0
0.6261283695123088,0.4461499374222253,0
0.5915647951406984,0.3914781654399574,0
0.5279231583363397,0.3451649171280522,0
0.5579451035495536,0.38128021338737583,0
0.5580397194350858,0.33260796376541757,0
0.6518963894406018,0.28910823150097753,0
0.6320498473881592,0.2569492183690701,0
0.59847436670902,0.304270776897831,0
0.6319850930856054,0.20804104600351775,0
0.6698311374700003,0.3333394812360456,0
0.611518444929038,0.297066321239133,0
0.5629937986469873,0.3513766880772173,0
0.6437618851127772,0.23074823062438646,0
0.5982319405177747,0.16020351968905255,0
0.6672871698528183,0.3079360401141653,0
0.7095391529577115,0.26022653302424975,0
0.6670205644406938,0.26258712490981845,0
0.6626450669617019,0.28144660362177065,0
0.6209892286553782,0.3081233245392652,0
0.5888440045332428,0.3543885068627365,0
0.5437922887147468,0.3739785854985325,0
0.5479192514703632,0.3164516984672679,0
0.564215198375494,0.28681249556543,0
0.5590045700057854,0.2831964089813719,0
0.5447263255320097,0.29723690569903116,0
0.46019245313769563,0.33174488665244556,0
0.5057442378949808,0.31405834708953906,0
0.5570311334035754,0.32734371419953173,0
0.4920918368346902,0.4245267275099795,0
0.3605966293985492,0.3482088072590697,0
0.4604490718836901,0.44942410505895897,0
0.4905302633953495,0.456134996945569,0
0.3557391963469398,0.4810624393469325,0
0.46756791629856387,0.5612937603712775,0
0.4292987291720348,0.48098192748622415,0
0.41967831842275993,0.5308760754181922,0
0.36137874273107456,0.5764205142062804,0
0.394270472556914,0.5097766197557685,0
0.360221304086237,0.5285825840169788,0
0.4178754488874565,0.46603124583701394,0
0.3911410607751984,0.5731103921810157,0
0.3779492099409468,0.48354249714801784,0
0.4591365235351863,0.4561908943638038,0
0.4026305946892137,0.5781200034553895,0
0.39489819591946695,0.4770743716479139,0
0.37456062645922766,0.4874642872568845,0
0.4034075932538662,0.4917227510388814,0
0.33387148476040046,0.5353527309277583,0
0.4532132709549054,0.554901236983945,0
0.3939671067064916,0.5780467841393573,0
0.3825758229993761,0.473384645808876,0
0.45485242882622834,0.3854724352395667,0
0.3573999625141321,0.360094763667774,0
0.38242519259564167,0.45685862697859103,0
0.3886677200011958,0.48267163326082174,0
0.40487228213429216,0.4510750573606611,0
0.43654605999332496,0.44235723393027054,0
0.37272858624372657,0.3089235395418004,0
0.34596283064987104,0.34203942545451066,0
0.3950245854576949,0.40323206417917057,0
0.38360851209993,0.44273849268695964,0
0.3944625962092453,0.3849049706078591,0
0.28948156929483815,0.42117764624039156,0
0.3786476829637298,0.42025329412211104,0
0.3869275507071439,0.44401669370261154,0
0.4975460913697456,0.3974417787487218,0
0.5787586036094369,0.5258923486951288,0
0.48460468754229197,0.4404429269025337,0
0.48459203312922705,0.5119824913242477,0
0.4526306618116664,0.37979140183408133,0
0.5153811157454554,0.4458755765757151,0
0.5630456379446226,0.44310690639709677,0
0.5192893401965085,0.4400711951431191,0
0.3899298141930383,0.45423856469480833,0
0.3730050518459647,0.46820756951261155,0
0.3754736126065627,0.39679506491122646,0
0.4235465804196579,0.4558607347775104,0
0.39595779227546746,0.529080121959406,0
0.46682048179254026,0.42051602651548037,0
0.5607612630536889,0.4064158129546998,0
0.6482449963659833,0.4993948895498148,0
0.6030037279759635,0.517321356735957,0
0.580803408114688,0.6099580997513637,0
0.5237825408046767,0.5698033471244592,0
0.5393303943393516,0.6253677255981053,0
0.5065020710521093,0.5675649172340972,0
0.467449038680986,0.498585686110156,0
0.5907993470816558,0.5109159996539331,0
0.5036122059492966,0.498108325434777,0
0.4136676160406402,0.4707804034702195,0
0.41016043544712744,0.5115973349470527,0
0.39640802618114296,0.5435739379739506,0
0.37354551112269085,0.4302531057132653,0
0.42312654847899106,0.4851169938003569,0
0.3665664981514755,0.41224438773070127,0
0.37140212025381614,0.496439848104156,0
0.4243754440211346,0.43926829940963874,0
0.3930015055391629,0.6258261674767307,0
0.4243042129300848,0.5885083219553611,0
0.4088915120705787,0.5635781433760645,0
0.4492190768696303,0.5383183330946804,0
0.4692933000476953,0.6506669650563949,0
0.5355632260998179,0.6000297265113367,0
0.5766303844916411,0.6033750717543807,0
0.5017434934112083,0.5463563900786715,0
0.5285528121284405,0.619807618825557,0
0.501683392274578,0.5531054472509775,0
0.4164681246616892,0.6114422878343057,0
0.5431227031660222,0.6526617919514498,0
0.46890185238706494,0.6625044427462727,0
0.5231160131775354,0.6456236919732179,0
0.4435995132609238,0.655318087986358,0
0.4755224828859602,0.6072374483632815,0
0.41716620719820585,0.7122400001800389,0
0.3647187873742859,0.7338819979587128,0
0.31755161988417296,0.6555264157861624,0
0.49122083740215927,0.6735228276662464,0
0.43129508412295847,0.8109165093949372,0
0.3658378271317931,0.7080836741239238,0
0.36019832397685475,0.7296726551650462,0
0.4601065378282978,0.609151930549346,0
0.47730593997968107,0.6993236314689925,0
0.4785293555813922,0.6635899497914081,0
0.497926199484192,0.7048614814384665,0
0.44992331223234405,0.6238977539714046,0
0.4300419451442329,0.5953788930047986,0
0.5695191519101042,0.5920656103490612,0
0.5531359540876561,0.5328138044908988,0
0.5565988504421637,0.5145014803884727,0
0.5544253268423079,0.5648389716072119,0
0.7439554744389878,0.5515363539990192,0
0.7202962397697701,0.5794704428244113,0
0.7071226040217922,0.5844540928154759,0
0.6801368345341233,0.5588613267929475,0
0.6793416663215036,0.6825975325225802,0
0.6751754852347329,0.701595947036905,0
0.6503568284737351,0.7249723669269215,0
0.7345048897440039,0.6668570131104065,0
0.6631683805891376,0.7536864240957284,0
0.5534070126338777,0.8171003056608936,0
0.5443115010422792,0.6886768392616129,0
0.6048071178836744,0.7770535748470541,0
0.639039461746858,0.7604009380996012,0
0.5704879043023062,0.7341503264810659,0
0.4965206872425676,0.8002137055665859,0
0.4870654699664963,0.7621562184897193,0
0.47695043641891244,0.8425587766336343,0
0.5522333005185138,0.7488049293498898,0
0.5314075931023582,0.7475936384156233,0
0.5755609880187523,0.7092044150799747,0
0.5336275420137563,0.7388738501655218,0
0.5192481983201808,0.6150430662870037,0
0.5695411453317982,0.6655077228049264,0
0.5816505960273836,0.602281280626808,0
0.5520765949262194,0.692343883167056,0
0.5634638230113684,0.6655027824915549,0
0.5787399797387814,0.6048487816706473,0
0.4665877935855185,0.5799459055553146,0
0.5012145786738756,0.5771297901770328,0
0.4912896161447429,0.615485768043008,0
0.5444435553004232,0.5998384317805887,0
0.5599709472863617,0.6245982741646396,0
0.47905599591773157,0.5545300537799192,0
0.5221506531948824,0.5557978160115029,0
0.5863637714845638,0.6433867456745959,0
0.5228565875364897,0.5571981555166715,0
0.5433985670355378,0.5822254508439505,0
0.4963846980257456,0.4741420516441326,0
0.44674165690408074,0.47968773881709853,0
0.5161775277460895,0.5835240952666199,0
0.5122344880027969,0.562717412090796,0
0.5017303061536166,0.6719153735425353,0
0.5072109181589085,0.6880491792477583,0
0.5853435043446252,0.603569784236674,0
0.44561317661342453,0.5883444678005209,0
0.4211281959934679,0.6747073600007238,0
0.5544533304261727,0.5439108006230691,0
0.572080052833788,0.5723443042611017,0
0.5804642192324931,0.527275413442763,0
0.5222218615147697,0.5307587192713823,0
0.5996866116541115,0.5769122365055809,0
0.546436016804385,0.6330989753738487,0
0.5015037998981398,0.5249760890148196,0
0.5765273775686954,0.6083613842636635,0
0.6029580418476103,0.628659460597017,0
0.5779386678225829,0.5848629324935668,0
0.536702907556524,0.5846828425004803,0
0.5035825726009454,0.6635103028758281,0
0.5173912230525819,0.7297130589852516,0
0.5197460125435963,0.5763221404393933,0
0.5204368574764744,0.694126986798431,0
0.5695225166113054,0.7604897000615127,0
0.5725871548677401,0.6429857923152972,0
0.5847425039622678,0.686602238775385,0
0.5579755804886248,0.6697849448226947,0
0.5135775826325103,0.706885321677308,0
0.4962906998205953,0.7266210295268551,0
0.5197886648308462,0.749197474213511,0
0.5391801459084771,0.7840807841485067,0
0.541496970805729,0.7436908346696679,0
0.5907349874247224,0.7919460420977554,0
0.5036093162732439,0.7006429269335165,0
0.472686889541025,0.7589884018101747,0
0.5765590958458893,0.696808596199496,0
0.5495371518219675,0.6047027461123146,0
0.6126315642685035,0.6240273196390023,0
0.6241953506468566,0.6182061070336237,0
0.6363378017612233,0.7048450651764618,0
0.6497667137942458,0.6766879617086528,0
0.617639361146943,0.69979370131266,0
0.6496118005454964,0.63632451350954,0
0.5201503111806178,0.5777196679145757,0
0.5088622159584332,0.6421752165384453,0
0.5600593627457557,0.5943366395373761,0
0.6344755610215045,0.5743021777894496,0
0.605557831898056,0.711402694426936,0
0.5375195126686902,0.6335954234927631,0
0.588400591586024,0.670504297497691,0
0.5922973281383906,0.593382595673641,0
0.5229251623390149,0.556570273084306,0
0.6508638122659595,0.6747966667084946,0
0.6027536155603778,0.5897916264835428,0
0.6985550303759246,0.5028691000680925,0
0.6216533894946252,0.45474715546835043,0
0.7051045028330944,0.4453298087117927,0
0.7280798061180455,0.5399477743308828,0
0.669653646841956,0.5426353606279459,0
0.6669663888430136,0.5587211651707209,0
0.5776975165330991,0.6226965498113576,0
0.6366575484662162,0.5727727305180885,0
0.5407461359073453,0.6547540884892195,0
0.6562366068874274,0.6043178990731135,0
0.6617504917240485,0.598811185082355,0
0.6619263137162292,0.5764728263154657,0
0.7901186661194174,0.5200436346320874,0
0.804488365372773,0.5482089022158674,0
0.7614071013704382,0.5180372386446753,0
0.7793655906113449,0.5166738060470178,0
0.7736994985961441,0.5115905910913012,0
0.8133615456773247,0.5110934004405514,0
0.7374872161457321,0.5503451719666055,0
0.7576879620030544,0.5900129375791174,0
0.7458221774785581,0.5780644348660979,0
0.6616933704705913,0.5183679161236625,0
0.6997653634561002,0.5813504661095986,0
0.7622704837390163,0.5788497559350513,0
0.6846738414939095,0.6649255704054488,0
0.6757650995447787,0.5680026903437164,0
0.7324890958256679,0.5867003862689085,0
0.7343636178346812,0.612001126243982,0
0.7402612545840312,0.6519502321421572,0
0.7448091388720677,0.6174359074302377,0
0.6915076678368982,0.5617323313222515,0
0.7617102655032055,0.6066781493047237,0
0.6692784603491082,0.5862130345732633,0
0.7507756811797018,0.5661373609522824,0
0.7701823466538565,0.5667140126067087,0
0.7819963390816159,0.5431388505559005,0
0.7729493541859986,0.44857960221732424,0
0.812821410598268,0.5060756577109929,0
0.798057689377513,0.5516862229840085,0
0.7011874422034382,0.5376372385494013,0
0.7277115784145756,0.4811366666868808,0
0.730157865793371,0.5521158939255058,0
0.7475113585146218,0.5933589983403803,0
0.74188411312728,0.5554131233148605,0
0.7824147791735017,0.5659994143711337,0
0.7814463634274477,0.5089583668376263,0
0.7924401167925232,0.4790799306988592,0
0.7249555798316878,0.357666491930513,0
0.7399565949653399,0.4874788476170929,0
0.704470175111543,0.3858926206622482,0
0.695293043071402,0.4459784486250053,0
0.6935505013108499,0.3522388427542393,0
0.683610846745088,0.5285131988476538,0
0.7125683330903902,0.4238588793740818,0
0.7000082250443758,0.4642979415807392,0
0.68435030829362,0.5052102151083716,0
0.6428699775327957,0.4624129864521854,0
0.5610051284310041,0.5368149008746861,0
0.5920128930587316,0.5347946968005506,0
0.5945978266185736,0.5490880868730513,0
0.7181888793219677,0.5281146949516466,0
0.5599903619999103,0.5451465771814593,0
0.6185989836975091,0.6292241671691539,0
0.6455515393529098,0.6043579235014375,0
0.6799497608536522,0.5887319897389466,0
0.6516083213988159,0.6467214820619755,0
0.6265148796056677,0.5294913601156929,0
0.6522898266607031,0.5990636532609048,0
0.6831424293273597,0.6509692801236264,0
0.6512305485745375,0.6372601412589886,0
0.644172052129669,0.5883990558247405,0
0.5274634074454722,0.6450636171885457,0
0.5516816114820624,0.6282162622694528,0
0.6538154712854038,0.5965237218971181,0
0.7444275022330586,0.6193632255578427,0
0.7442303910203544,0.570155893141359,0
0.6220122491423401,0.6051610152880744,0
0.6980344728095289,0.5217684320310506,0
0.6291053681590757,0.5002397667467189,0
0.6511858498831958,0.560279376458783,0
0.7621879893879573,0.5814505211455004,0
0.6803382187782879,0.6202962983591525,0
0.7730417387299032,0.6591828848814167,0
0.7955550001869398,0.6857425994956093,0
0.7466771388810023,0.6495705190666767,0
0.6844215698538683,0.6963023434651654,0
0.685019651542637,0.5330763522220203,0
0.7642217715431576,0.5087954559715852,0
0.850205453568683,0.5234814047513164,0
0.7738919245533858,0.5139296132879927,0
0.7738746410295702,0.5164897176776431,0
0.8227690426535242,0.45487145541991086,0
0.7695425958389301,0.4634663783907812,0
0.7811900715796785,0.4986844158512579,0
0.8064164019857364,0.6079864610231484,0
0.7648884613666247,0.49361725672945456,0
0.7490535807106101,0.4854110647205936,0
0.68392034689048,0.5104070409380363,0
0.6614155399881383,0.5143627065296836,0
0.6315416352272574,0.48207423091825,0
0.6493733806517848,0.5057888589494733,0
0.6784696727698681,0.5141209559842455,0
0.7736409262952255,0.473385185199139,0
0.7724739535144483,0.5078499759357521,0
0.8389221016310835,0.6035859878184503,0
0.7870326989163587,0.6247755562607338,0
0.7640972617511745,0.6095849680171797,0
0.6989137090980309,0.5240397314569488,0
0.7010515969158203,0.550131383824837,0
0.6949606331563888,0.6444786733445952,0
0.6488679443744381,0.5692410022286611,0
0.7033819374105604,0.5563903822766093,0
0.7558710903783716,0.5522389667443717,0
0.8100179743635856,0.5741313540599045,0
0.7222994688884937,0.5390379856945383,0
0.7996930404717881,0.4701775048185238,0
0.7296823195904326,0.4701609560924085,0
0.6344787625107862,0.4117653768870382,0
0.6823324026997228,0.46786000654662246,0
0.7337872167141085,0.49734941021553863,0
0.7651228578229669,0.42085866723516574,0
0.7120567785776164,0.33566769838444543,0
0.742546232731497,0.509323698969991,0
0.6457706815377056,0.5110953203963068,0
0.6783995886503785,0.5054176631716634,0
0.697739873209368,0.5508297445017059,0
0.6591499201647365,0.5619263924085578,0
0.6787604984874291,0.5931846540728027,0
0.6922007218177613,0.6770690051648567,0
0.6467990882137161,0.6266494963414366,0
0.7590722382922196,0.7093091735231246,0
0.7316704253598165,0.5827216929688865,0
0.7653781467038377,0.608616352366458,0
0.6963971238550868,0.6432442557630944,0
0.7210793858695146,0.6170159011240479,0
0.7121285645010906,0.5629413304758997,0
0.6987907808986379,0.5710540760255978,0
0.6875600327352275,0.5441999236302043,0
0.6045006086380057,0.46931334821433957,0
0.606606306195604,0.6219976446441758,0
0.6063999927398087,0.5743931823046515,0
0.5998512841393825,0.49367154930750107,0
0.5733684511596125,0.5774108563598229,0
0.6642647449602752,0.5407628121499646,0
0.597930673013612,0.6186627581638539,0
0.53640700147539,0.6127727834114515,0
0.5468422438441114,0.5632295882027493,0
0.5205549686130356,0.6111884777888543,0
0.5507188614960826,0.49261591011366007,0
0.4813891396359528,0.4854712333695132,0
0.5435108654415205,0.5034908426158852,0
0.5082888552562963,0.43551085194598377,0
0.5454763941475664,0.5401241874149882,0
0.619889578867803,0.4971971952183608,0
0.5516383594580857,0.4323658539833052,0
0.5315758534702555,0.44778615650610404,0
0.5603403267143632,0.46771416128969473,0
0.5424116192567093,0.32279897541262526,0
0.4972701037070712,0.34050193076890234,0
0.5993451942352235,0.27679082550234935,0
0.5379212854901232,0.33631488407698173,0
0.5247176391606141,0.4823738003706431,0
0.4484155938782979,0.43528195319680674,0
0.51206952936812,0.38110392257333653,0
0.5685499881987308,0.5316730104579691,0
0.5484733664162881,0.5520231735000521,0
0.487013480518809,0.5128340804895307,0
0.43351755498897127,0.5647323659656412,0
0.3574620541968785,0.5158884126712084,0
0.4756355441549835,0.43652962551304825,0
0.518809688781202,0.35419544450701035,0
0.5438465372546311,0.44729285318345463,0
0.5318290943874406,0.46879166627336677,0
0.5814828403479786,0.4588279973976348,0
0.530372766334929,0.48490902207285214,0
0.5014944285199897,0.4811429969334641,0
0.4751185286097898,0.4969228998198026,0
0.5586849219086893,0.33019699999746754,0
0.49114746667374165,0.4248898641309224,0
0.5275221036152552,0.46769049413292313,0
0.5182173608843277,0.4250346123259614,0
0.5122828238647738,0.44574685359187816,0
0.46274944955936936,0.42615975837648334,0
0.4672650023653289,0.29446197801634444,0
0.392716725276754,0.3235347768115986,0
0.38807230334304854,0.3115765195834286,0
0.4388927557533414,0.42949132890789693,0
0.5248029751867824,0.37897183916715216,0
0.5252645752106768,0.4816731578092156,0
0.6108052654620159,0.49068344978649786,0
0.609132281088459,0.504309714273412,0
0.6076721700922795,0.44443575832575155,0
0.5427064044664173,0.31950027719183705,0
0.5971710099189566,0.40748264321861305,0
0.6380099622679711,0.34542876057866667,0
0.6903615118777887,0.38672992761915875,0
0.676261185980499,0.3607430470127312,0
0.615424674580891,0.2822100216731967,0
0.6663260148915005,0.2733164993371176,0
0.6858979181935332,0.33668012063313774,0
0.7147765490725966,0.30545853095921965,0
0.7430489706308827,0.28861400010233057,0
0.6354847245787297,0.24675286528829254,0
0.7144012321758222,0.29252101193248414,0
0.6164316848018969,0.3885716651847127,0
0.6106266945281524,0.3952259429163682,0
0.6678032619361869,0.46192851762156195,0
0.5892051274083093,0.4325808823420502,0
0.6083938346091885,0.3641942753386564,0
0.7217585449806895,0.3707233893658113,0
0.7109024034582614,0.36570846248218825,0
0.6874745730668153,0.2288903333893611,0
0.776669857115549,0.27179274192464103,0
0.71490038916822,0.2861957646768887,0
0.6767833785474978,0.2208264943066543,0
0.6737973763303066,0.17876101252496768,0
0.6867126088003703,0.30345243387023896,0
0.723836800723387,0.30211331949758663,0
0.7294415265320118,0.40207511105304083,0
0.6165826473421425,0.33653130537935166,0
0.6268550079790784,0.3228508619301871,0
0.7216505729189611,0.35544940205667436,0
0.688246977566694,0.3671482637668195,0
0.6820026388401189,0.4191887424997083,0
0.657744788624747,0.4104783561594213,0
0.6556539767625102,0.4799485063105201,0
0.698441890741465,0.45092655822391725,0
0.7162840922429605,0.43975191559411964,0
0.7812676280683393,0.42782928537304726,0
0.708123548442227,0.49524620084678345,0
0.7401583544237726,0.47205600225211375,0
0.7520974482218421,0.44563576392627846,0
0.6110800299060124,0.4349786087009743,0
0.6070644042055028,0.4451475026818365,0
0.5360363085797619,0.47260427399936716,0
0.5220201039698726,0.38933322860010716,0
0.5737548242047631,0.42891431286090026,0
0.6000177080480825,0.39397685234396757,0
0.6646794047801678,0.31442531687368125,0
0.5742128085339864,0.3163036691712375,0
0.4530972528649609,0.3840009244897151,0
0.4078960821717358,0.37749242443117,0
0.4622791690122677,0.4018925622163415,0
0.45636290835474513,0.3333891747397802,0
0.5626605821738084,0.36368874620633895,0
0.5196023921321071,0.48013446401534493,0
0.502595988475125,0.3978698054285036,0
0.596699396882553,0.3824223826936047,0
0.569972676362233,0.4002306141764012,0
0.4381066658466852,0.3690773587488921,0
0.5243569820653621,0.5033682774686205,0
0.4902943311989132,0.4619763271971825,0
0.46487027469951264,0.44978375817541694,0
0.45721379639518894,0.446541931250727,0
0.534351532247316,0.48325615099789226,0
0.41347803502336644,0.3778465140918006,0
0.40467797847684456,0.38400233211574475,0
0.3608807203563194,0.5020260087488557,0
0.41515294505682243,0.4003676037355231,0
0.376270336894021,0.44731248402053153,0
0.3773673977245896,0.5006924480744234,0
0.44217757435305804,0.420848809927835,0
0.4111055134582391,0.4490256934335773,0
0.36278929890102046,0.6182676547582484,0
0.4291024684081891,0.5417715833873595,0
0.44750022905488074,0.5115560827131564,0
0.4393776239514474,0.4763368003884771,0
0.392167351645879,0.4140318731887564,0
0.3996823354050957,0.5000257247861232,0
0.4536936958916974,0.48704452796269837,0
0.4260117185963406,0.4885884272199915,0
0.44924804652759254,0.38479081545073207,0
0.3810263955362442,0.44537711374797634,0
0.3940486841611491,0.4754583542939029,0
0.31746254874503155,0.5047311635953661,0
0.3586416037891463,0.5125378733368,0
0.42443378952024796,0.5363250217659045,0
0.4106100678111941,0.5941814404375176,0
0.5270015544050721,0.4406188418171426,0
0.4835301141413717,0.5377688841909118,0
0.49678606245953477,0.5542106216338548,0
0.540171778665195,0.4586611922637583,0
0.48704910129654405,0.5422834294050948,0
0.5054408718253196,0.43758370746653363,0
0.5587677321853974,0.3676715252966521,0
0.5007615634901373,0.3810421948863872,0
0.5167583348765643,0.36861131416546034,0
0.6167773295433395,0.4210679332773465,0
0.49512515784069533,0.3914864824257207,0
0.5320114818135885,0.4998692920120854,0
0.5044475454545441,0.42896142853796804,0
0.49109228431105545,0.4621959107091,0
0.5106066123868872,0.41397007033012606,0
0.5238359011628206,0.43014407626875967,0
0.5979691791325321,0.4059374124362612,0
0.6078308201194036,0.3421925601809777,0
0.5288032376931006,0.14207076907563282,0
0.4705595608521792,0.29672075760636624,0
0.5726891413727371,0.37486348620164156,0
0.545128502157886,0.3339361921826284,0
0.5393394202568162,0.30989796640406847,0
0.4467887116456609,0.37672576354943116,0
0.5554714865517132,0.3553022013217129,0
0.5565851650397359,0.2702613957031296,0
0.6030041622699118,0.4229855985041314,0
0.5353316691286406,0.3316595646955532,0
0.5307624621753704,0.331435739164668,0
0.584472117905452,0.40305537683968196,0
0.5857884463849676,0.336707116857486,0
0.5541022169988139,0.36955795522529816,0
0.5440938063194017,0.4247128062719582,0
0.5399536946234044,0.4106006003676948,0
0.5951174651563083,0.4284067609424179,0
0.5812790838105562,0.43586282773067947,0
0.5310746009118887,0.4497482222775932,0
0.5819930604927502,0.45371343162484284,0
0.6338962158560376,0.5295822219043086,0
0.5323570864765204,0.5727713621009769,0
0.6044936451719379,0.538264886895323,0
0.6360530846791091,0.45783736638617467,0
0.5385465102316523,0.5358808138310541,0
0.4613496646695724,0.4954117315468011,0
0.5788429400204378,0.45928480675244876,0
0.5032498873268451,0.4572369881267892,0
0.5914605036218786,0.502649930848858,0
0.5601637475906641,0.4371346944810352,0
0.5349423451217931,0.4029489840547171,0
0.5767110951665055,0.4492483969028911,0
0.5590479160109204,0.39460185848099694,0
0.517680445404636,0.3723749541989398,0
0.5249957766821954,0.3753589847925342,0
0.39895559177400486,0.3550813876751672,0
0.4535501941404684,0.4022127119200475,0
0.3758499239613089,0.4531657817283858,0
0.43434857600083815,0.4679301385539073,0
0.4680817749513215,0.5770360161881507,0
0.4502957045540118,0.6058569744907794,0
0.434873409300906,0.5078399897731535,0
0.3542241306843843,0.5422773018667799,0
0.3675518379829299,0.517946600582246,0
0.29726200393936464,0.6501546813623815,0
0.3768857351951068,0.6146873982712888,0
0.4075731371377647,0.6038687426050946,0
0.40869982536138794,0.5691719934326129,0
0.4100282610819194,0.5185853974901515,0
0.4230549081477956,0.5565309741171276,0
0.4194051531754267,0.5794574846535955,0
0.498630640290059,0.7180596336346667,0
0.4350069376946743,0.7270315079369939,0
0.5140273675055473,0.6653938527804166,0
0.5318428226028131,0.6752698264071764,0
0.5015349792346807,0.735371000898299,0
0.49698819656712856,0.5499290252140414,0
0.4204302068132822,0.6178236104928676,0
0.420441704931148,0.541655244624859,0
0.4240787719179693,0.4617231509671309,0
0.45998907763956476,0.45018008736124127,0
0.416716340506317,0.5755560465330908,0
0.4380292580136329,0.5154901852420509,0
0.47869383218431877,0.5547723840901332,0
0.49680547001749925,0.45660418248984214,0
0.5169009905102552,0.5884978262472955,0
0.5601830223928708,0.5385964682326252,0
0.4328417298444277,0.5741398367897347,0
0.5757499198779507,0.48217604968955297,0
0.4938261505211921,0.5094613665844093,0
0.520773853954664,0.5741017660995965,0
0.5545327187682072,0.5025192772482238,0
0.537161123878798,0.5302662263554421,0
0.5098904132478556,0.43773724335506253,0
0.5074719288729187,0.41665312214789696,0
0.53194368825984,0.42520764655430016,0
0.5812513160013992,0.48381042186286893,0
0.5420851577265725,0.5020634073183049,0
0.5793710561177505,0.5395738423880879,0
0.5989419627594309,0.470428092847602,0
0.5492940057894656,0.5471187543166467,0
0.5674953424104463,0.5027128471761528,0
0.4746834088001314,0.5056224606069407,0
0.5593104719473294,0.5189762300472068,0
0.5314145868605264,0.4631095356852462,0
0.49302554632823914,0.43640153138088206,0
0.5232421659609946,0.425757882339568,0
0.5638091877123849,0.3851911519963331,0
0.5967112226843657,0.4033616659094713,0
0.6066239125386464,0.414788539881173,0
0.5638166747749502,0.38421839255582907,0
0.5621189413155349,0.40414737193157335,0
0.6219449371402683,0.3942082314481628,0
0.6293929905249331,0.4476399342400071,0
0.5083077845085822,0.4231729498470485,0
0.666550160801864,0.440649429766286,0
0.5704546208663719,0.49612954746246235,0
0.5603233330180261,0.5027278305620491,0
0.613315942304852,0.37105368003367534,0
0.6334954376696907,0.47244460786601783,0
0.6776919861834184,0.49694249127724377,0
0.6964844319840157,0.5253123966840357,0
0.5760662842329147,0.5236966707122812,0
0.5906479457938233,0.5820672574526915,0
0.4955725038896935,0.6118402327304442,0
0.5203867785954793,0.5503443449741823,0
0.47353654746830537,0.5294870280518541,0
0.44457523716045605,0.4702411179606316,0
0.4823498872423634,0.538794277619593,0
0.45524435298835453,0.45925313085241903,0
0.5054094297428933,0.47881745395465547,0
0.48329465158011503,0.5329921972037692,0
0.4691679387149282,0.4167277375180454,0
0.45870927476823387,0.40451650709450254,0
0.43752623879386987,0.4918694581533846,0
0.5131595249511146,0.301624416275217,0
0.4575596673782505,0.33576259339383036,0
0.4741875062428608,0.41910122733394906,0
0.41742722991415626,0.4093168085276033,0
0.3943245626936748,0.49944855759985163,0
0.48263927375240995,0.5350609393689081,0
0.41208677359510737,0.48006617537086743,0
0.36650925413890656,0.36388514530864824,0
0.4723195902856808,0.467494018379004,0
0.49120103133172044,0.3638376298868251,0
0.4150554417297571,0.44506233506129944,0
0.4484214380444312,0.5148419152299767,0
0.45311278264116533,0.5855966129687561,0
0.4689043640921368,0.43728048494240745,0
0.43879116094076664,0.38271909207155064,0
0.4959946527267626,0.3680066844818133,0
0.47533491072725,0.3650806843650338,0
0.4733836640278756,0.41241062710188076,0
0.43294425552958604,0.3468811568185062,0
0.447220409152007,0.40044597615647454,0
0.5498930840541976,0.4044098288684521,0
0.48478570306567387,0.4786685778619156,0
0.5005107756252433,0.40620485781686055,0
0.6356850630565104,0.5222648887740149,0
0.6265572537370729,0.5201540463855059,0
0.6274670036479097,0.4913657144265978,0
0.5704376921456875,0.5925159522602736,0
0.593507805344154,0.6031192194993384,0
0.5350059157039322,0.5386390019570854,0
0.6266137148594499,0.3759533096516767,0
0.5929825446628572,0.560695311621601,0
0.5432124880826089,0.45540063490035537,0
0.5559411992217013,0.5374214238381155,0
0.5314287987480929,0.5379695096047487,0
0.5358881615501401,0.4424622294173432,0
0.555212713118014,0.40477596548830524,0
0.5819908951385022,0.3033523424415415,0
0.6577045948678489,0.3967913367517325,0
0.5865540432015051,0.5045794164506888,0
0.5764611945683332,0.443597049191851,0
0.5972003172541296,0.48604730376226735,0
0.6442703863559557,0.5618533486846475,0
0.5663836991079045,0.44448432707886254,0
0.6550473860466481,0.40041509970823835,0
0.6873380582508454,0.36412325266468,0
0.6589543461744201,0.35167056608280806,0
0.6253233578580997,0.44942872578862314,0
0.5935258262859079,0.4263965077529277,0
0.6189963001988893,0.5054474795162153,0
0.6391764120759494,0.44508801075558063,0
0.6518949901248235,0.5173520070771069,0
0.6557276724832951,0.45485641736993127,0
0.6138883645875595,0.3869506643068672,0
0.6217355904030237,0.4360970147116793,0
0.7188087100849345,0.39407028054786547,0
0.6522658988449802,0.4440032530691586,0
0.6415274929418584,0.41814213584035115,0
0.6499337477019141,0.48176889533328576,0
0.6496889708876566,0.42705219235464037,0
0.7116026608218219,0.4009211218194267,0
0.7527047127583478,0.5017279306525109,0
0.7623915108170282,0.5098022270860164,0
0.672010732375128,0.5471564016225896,0
0.7342603677130016,0.5226339721848285,0
0.7257406728307371,0.46045399332306414,0
0.7794545278279881,0.5335509132109437,0
0.8008662650131404,0.503564646323339,0
0.7865245867322692,0.5730866469057949,0
0.8330121543640918,0.46419736954723945,0
0.7415965272172765,0.47783053729435604,0
0.7462880816710833,0.6119138269668308,0
0.773408034058593,0.6612245050861363,0
0.7418666884884653,0.5797085383558924,0
0.8046158971545319,0.5883717313586705,0
0.8080180952239309,0.5686722084089618,0
0.8297291421678101,0.5695901263610884,0
0.8885598959286815,0.5241347535133986,0
0.7694154705235303,0.5261688467697071,0
0.731277524850397,0.491018286366029,0
0.8341758091350071,0.4438345194915475,0
0.748385274123283,0.512793208216743,0
0.8708731217419398,0.4437803191359805,0
0.8135982331760012,0.5223325452131569,0
0.7967144811110902,0.428829216078453,0
0.7961705318875745,0.42877129074636916,0
0.8093202978981058,0.3743239389731688,0
0.7493791544073902,0.40677622044940515,0
0.7894758531659843,0.30386925225467604,0
0.7975514301153681,0.3731506611650552,0
0.7442043845517737,0.43737671889845714,0
0.679558463506599,0.4434984373923861,0
0.652248295264016,0.3986748047513127,0
0.7092531786802256,0.4715128571254885,0
0.7841837906553714,0.458935997181236,0
0.7365061704644225,0.48100438792228656,0
0.8266842420894982,0.3627070146760235,0
0.8107210734241681,0.3357499248288578,0
0.8130629118183548,0.3146328852859617,0
0.8067683059575474,0.3624305012189919,0
0.8367535199547572,0.3834572233371716,0
0.8439778265903557,0.4967895556511308,0
0.8106953052573542,0.3446110473622047,0
0.8824078805771461,0.44185929735907103,0
0.8692797048598753,0.3720688322989042,0
0.8218439117689641,0.4001480416610413,0
0.9511393149602944,0.2830309837894355,0
0.8741302623397045,0.3588214515939847,0
0.9076872090204849,0.28497606139059917,0
0.8433627652296036,0.2829822148102616,0
0.9582589126953908,0.3560390480311379,0
0.9296399580430942,0.30935896926599815,0
0.907378419164699,0.26529557763838413,0
0.846476502335452,0.22793480051595288,0
0.9526134743005967,0.2871809871165171,0
0.8824771169597291,0.41729187435719767,0
0.9361201928090186,0.352220134868931,0
0.9303033422164527,0.3492382568575617,0
0.7739631274408529,0.36363583920791015,0
0.8695827401769373,0.36835312520084623,0
0.9071537260878141,0.4547378169215742,0
0.9208155767981407,0.43332935875290796,0
0.9375130126506934,0.5111150420417911,0
0.8985653448055098,0.47019908997245785,0
0.8990998425503628,0.4485407471623085,0
0.7979698812653732,0.3980877637725029,0
0.9397787481766751,0.4209530992060211,0
0.9024138036103453,0.42862386182607815,0
0.8782834318541881,0.4585179166384025,0
0.8007364503125483,0.45804272043890737,0
0.8692803701593469,0.45412878373417465,0
0.8080030414585039,0.5175598072564074,0
0.8211192347072398,0.43903934705674885,0
0.758763313358495,0.512970273009431,0
0.6989838082116491,0.5872578900310403,0
0.7035123431058657,0.5653726148572289,0
0.8131384764513041,0.4718337944379718,0
0.7230601271975539,0.5010517351537275,0
0.7900831257660349,0.5352602577164034,0
0.72049091407011,0.4682848812353365,0
0.769770029410727,0.3807487195920259,0
0.742354816021487,0.5595403682990635,0
0.764350842495149,0.5249568170701319,0
0.747693356876802,0.5743298438945802,0
0.8486082615304149,0.48720679591334476,0
0.7121094147347479,0.5214917117973829,0
0.7605158916428899,0.4539167939571599,0
0.7485913734746898,0.490356574682948,0
0.6995347558745392,0.466304177988542,0
0.7820288637020265,0.5835736638183465,0
0.7332794710956142,0.37179582952423984,0
0.8083562241515465,0.4310175731046138,0
0.8408256734027932,0.29975196814034766,0
0.6886375087679508,0.3402081316124509,0
0.6243678404535213,0.39238090445558993,0
0.6835826816605675,0.40686192765150403,0
0.6132256547988869,0.4399339438779645,0
0.6869174184843178,0.47628895517033165,0
0.6055945787123439,0.4804011459933011,0
0.645919415875988,0.5157221311164629,0
0.6419218350568293,0.4180793965003233,0
0.5553009011062645,0.45291344532771954,0
0.6626025472868027,0.5281192907677178,0
0.6894694069129798,0.5965221762611851,0
0.6349236066764077,0.5475915631917765,0
0.6105032777646447,0.601940590381373,0
0.6341860311287448,0.5439819588048422,0
0.7157423864631866,0.636011842878084,0
0.7087024708713149,0.6284004632099576,0
0.6553190521121495,0.6562217877708186,0
0.7131788311125796,0.6773012558272636,0
0.6208779368459498,0.6405082794365677,0
0.6761211541220431,0.6115712728730347,0
0.605366712902764,0.6404931319362556,0
0.6613058299576493,0.5277759490070276,0
0.6393387537325974,0.6133091102950895,0
0.7343314664843889,0.6134095189230514,0
0.5749804976143804,0.5913310029971891,0
0.6107173390564884,0.5491882569736727,0
0.6708880821778748,0.586383808935225,0
0.6000798571488595,0.6158731425211849,0
0.6142578124908515,0.5420458313429377,0
0.6372504485101933,0.6214076413625361,0
0.6543189646517794,0.5952857703719602,0
0.5293953542677885,0.6088297069924834,0
0.5254777014649625,0.5062566381777226,0
0.5293424992950976,0.5773527297327721,0
0.5164315905198139,0.5447947615612652,0
0.5397560549998834,0.559898501006069,0
0.5957613455586724,0.5744424389969146,0
0.5880823535212126,0.5432268341521077,0
0.5513682988321917,0.5645833778223166,0
0.5507750422759926,0.5427304644370736,0
0.5809639362245361,0.6020659986826232,0
0.5226965547180117,0.6537105719121356,0
0.5085249723926532,0.6262147839008849,0
0.5645390097573482,0.6297346449748814,0
0.61812202419908,0.6891703257538544,0
0.6123660450213415,0.6435131147525549,0
0.5325213365918906,0.637945053412673,0
0.521193065591625,0.5956162542144329,0
0.5663320171089768,0.5613348999469104,0
0.6756399586458935,0.662944500158117,0
0.5758045988697047,0.6483964232052757,0
0.5951288542066892,0.6022075603835553,0
0.5940575848915526,0.5804253404948698,0
0.5071748943583309,0.6267362973677413,0
0.47657666717827196,0.6242416654788633,0
0.5787528700893189,0.6384121248975192,0
0.6217864042343653,0.6592183739848394,0
0.6615458488851856,0.6332074093196334,0
0.5840574222570213,0.6958666297536149,0
0.5371156063313054,0.666766121746156,0
0.551832709108444,0.6035694191137396,0
0.5409220835172645,0.5965312059422401,0
0.48792565514577035,0.5874977336129349,0
0.5808851741509767,0.6005144537924195,0
0.5923365418846013,0.5721140221701121,0
0.601363243778226,0.514175139394027,0
0.5512082789095846,0.47962168005761924,0
0.6831390107931343,0.5020416650932622,0
0.6730093735960806,0.4696095126554755,0
0.6598842149077397,0.4653555802176352,0
0.622229270402928,0.49969040282131794,0
0.5861667450766128,0.5186768529696075,0
0.6844044052940337,0.6185626664362205,0
0.6893315606387216,0.594799269583618,0
0.6143223198450813,0.599958480295256,0
0.6971868537671603,0.5332245559009317,0
0.6434892761492952,0.5559861279555006,0
0.6101613499581505,0.5124179861232055,0
0.6538189482037888,0.46776548361391346,0
0.6759751205484033,0.5143526693216773,0
0.5832646842145905,0.3746549026053091,0
0.6408478856100646,0.45792419377507393,0
0.5725390729607569,0.5436852659817266,0
0.6249810475968759,0.6145606477083692,0
0.6851931024330328,0.5061315859789842,0
0.5825593958573004,0.52603013834544,0
0.6636798484806906,0.5933823962451105,0
0.6685036837338941,0.597460344154737,0
0.6616186612765523,0.6396175193265632,0
0.6523841027440427,0.6516009556322124,0
0.6482044311193874,0.5382984402081705,0
0.6201175141974873,0.5661628756009343,0
0.6173451613162969,0.5526506687556425,0
0.6637925586150357,0.5444173214206028,0
0.6276942950863048,0.5147279204704576,0
0.6067288957101782,0.5247687048266138,0
0.5556449748088943,0.5742865840457616,0
0.5583662548320767,0.6359020464444245,0
0.6122652867730789,0.656845589084499,0
0.6209273610556824,0.8008564662770852,0
0.6432709647959204,0.6712294903413982,0
0.6512118199993571,0.6447852314532935,0
0.6107665713051103,0.67116425359022,0
0.7044409269921399,0.703544216296911,0
0.5994414619259594,0.6374432837100451,0
0.6466239744762986,0.6828505107544922,0
0.6182585862715194,0.5474869583644136,0
0.610989189180237,0.6157334899981315,0
0.540976897576157,0.611345785630847,0
0.6938686250805678,0.5960829220115073,0
0.6066350281413176,0.6001445383800011,0
0.609595876048499,0.6004464932480488,0
0.48096900570102347,0.5836039671649993,0
0.4533679361365717,0.49265751392034546,0
0.434130454708071,0.5152330633598737,0
0.49617892879868086,0.6523715599226645,0
0.5234737928043457,0.5532424500483776,0
0.515709372809471,0.6146748336192933,0
0.44079550965777037,0.5670151300139188,0
0.5242749162552729,0.5631950410682478,0
0.4831737705435685,0.5026683449650572,0
0.516391746564699,0.5658173493553736,0
0.6244302834791249,0.4969901265714314,0
0.5833180754119834,0.46238221255002976,0
0.6458268188405407,0.42868311050245245,0
0.5601279824098263,0.40201773598855034,0
0.6547667707184355,0.42896181395051153,0
0.5758873993262629,0.406238355980467,0
0.5994641249067753,0.48283386682204615,0
0.5956453500095545,0.3984998328534407,0
0.6239467142592942,0.4324632197953657,0
0.6910291318158429,0.49087208996229403,0
0.5936234062402906,0.4241691417135715,0
0.6477701020315904,0.4300921942534878,0
0.6420494002612577,0.4477316256638682,0
0.5712170217623767,0.40545670950849955,0
0.6415590097651427,0.4930981450389895,0
0.6674414542456099,0.5621430472196017,0
0.7013023098164063,0.5036227909019514,0
0.6827823979846476,0.4622838955152798,0
0.7408055091095187,0.3930398048402336,0
0.7443301909804023,0.53397536325322,0
0.755308414008843,0.4714298051864097,0
0.6292844520549095,0.4422398611613183,0
0.721467358221658,0.511605287381223,0
0.5805380679857534,0.49720136035385615,0
0.5905752335254255,0.5431093485177828,0
0.5695506687301167,0.4935776176767139,0
0.5580368308861744,0.484559549538162,0
0.4951021781537937,0.5990803872251347,0
0.5180816365422033,0.34509485563411035,0
0.564923561695363,0.4675326036194484,0
0.5625572975527395,0.4145604108246933,0
0.5297797385342498,0.43510449839387594,0
0.5310153381593147,0.31895095888541525,0
0.5430483873078799,0.3107793854651218,0
0.5027681870502796,0.18871159248032537,0
0.5680450918532655,0.15662975132700765,0
0.6764597819497398,0.23952822800066864,0
0.5459809903401833,0.2542209913639653,0
0.5892232671095652,0.2691313249158133,0
0.6576664562830282,0.21082130933190846,0
0.659297082184054,0.23101938244390943,0
0.5320519879757886,0.25840290980876446,0
0.583025334999216,0.28657200874976413,0
0.5678991903038682,0.27973908359870087,0
0.5605882468024863,0.23507481779553113,0
0.5967440973399156,0.2433226438777395,0
0.5955591324106522,0.3720347939352898,0
0.5393668509328234,0.3395204108040812,0
0.5489894580876016,0.38915124321489186,0
0.5816156776051894,0.48728116824656437,0
0.6323740862755126,0.49609718752394155,0
0.560276542069588,0.42039376717552945,0
0.6004058203052248,0.4747810667297655,0
0.6240196607410059,0.41817937309360237,0
0.6320805183784876,0.4964405612506049,0
0.6857172238743805,0.49697799782342644,0
0.637880528387456,0.4236314345096777,0
0.7005508474475346,0.4231427271373215,0
0.6548806451914,0.4965239526166434,0
0.5837044553437153,0.39799386682778304,0
0.6483764328469106,0.44049290773955735,0
0.6821743996473232,0.42132583967288445,0
0.7022968557597108,0.4049732892003529,0
0.5335606424552941,0.39841313191844296,0
0.6270633347665612,0.3522688028739654,0
0.6403308771724512,0.3599560102490273,0
0.6222955930049068,0.357089082379329,0
0.5718816268487897,0.4748016572930175,0
0.5578117382658508,0.3766319355733183,0
0.5205867437134337,0.36329468956209404,0
0.6745344744771216,0.2971447559778364,0
0.5559894557192919,0.3836623658682995,0
0.6756816225077522,0.3329475554872119,0
0.5663924558428098,0.32293834254278564,0
0.6237907479157294,0.26064933271146024,0
0.5968778387377488,0.3308749530784054,0
0.4906356087542356,0.33028677687457564,0
0.4959306190836678,0.32603093652394616,0
0.6687265642701421,0.3070041437632538,0
0.6006527646677224,0.2177681621560838,0
0.6740594295276048,0.3542315068969485,0
0.6505815499158234,0.359518000185576,0
0.7139413935328808,0.4189148228090981,0
0.6756983809285998,0.47591280640467226,0
0.671830914272679,0.4531690250970626,0
0.7258173014365397,0.4144722022264461,0
0.7197249438913262,0.4312096882743929,0
0.7616979263722146,0.37758687741102137,0
0.6669955920699282,0.3898094684272461,0
0.6533933388488061,0.37017251111340527,0
0.6688693865366561,0.3870738220896769,0
0.6015257619813369,0.335535897891324,0
0.6018542870264213,0.3975313383260577,0
0.6676094854534833,0.3582878123087809,0
0.5863230525715358,0.271392234825771,0
0.6846036851169088,0.31280171376392185,0
0.6578489572594948,0.2811945455707474,0
0.686211849124724,0.3015938882020528,0
0.681495618809756,0.24649931615757462,0
0.7057364586705034,0.33647398518434274,0
0.6672336804815976,0.3672567497721015,0
0.6622425300078753,0.39263855052864294,0
0.6395524528202462,0.3371482408510604,0
0.6202768738990122,0.2905981748896631,0
0.6790020894798732,0.30488740508263557,0
0.677222210309832,0.27340006475378553,0
0.7553054185504324,0.24287903051244583,0
0.7388597893951383,0.23912179203321293,0
0.6516005060540644,0.2884490766676184,0
0.6602254742427389,0.3051640064301346,0
0.725532726968399,0.2517789323872343,0
0.6399909020409229,0.2589930716729092,0
0.7916710388303472,0.19245624414238027,0
0.7137517532010492,0.26763262495309637,0
0.760244154133074,0.285951177253837,0
0.6857393677701621,0.22785539754568515,0
0.7565963313610179,0.21936182698017906,0
0.6712569071485918,0.31544438350014004,0
0.6901383387316257,0.2868283396098796,0
0.574528998832174,0.381736933554729,0
0.5171350945512685,0.25846342272935346,0
0.5110327337189287,0.27057561472092484,0
0.5334047635853667,0.18033466260248918,0
0.6102090779965167,0.168804438208851,0
0.659882412480654,0.19410775293057658,0
0.6024565907947443,0.2837871525701636,0
0.647555380974659,0.36036484223074666,0
0.5655141332159909,0.29132788105802027,0
0.6395694151925716,0.29900734409331264,0
0.5875460613047604,0.3788812789021081,0
0.6080752533755668,0.29503383517799847,0
0.52757544646702,0.23983589284895573,0
0.5347857696764281,0.28185179034602276,0
0.6075214851189354,0.303704703971486,0
0.6253026766435023,0.1977364783289165,0
0.6447294672272809,0.2722780644251303,0
0.705434481339983,0.1812411431393782,0
0.6529154275946311,0.3056892337892889,0
0.6807847501463812,0.21733750515981437,0
0.6824569176259159,0.1852604393421888,0
0.6997598428235832,0.1957714516339078,0
0.7106493348160762,0.32340810066690073,0
0.69833947685454,0.25345871769104467,0
0.7997662810560275,0.2730226824845897,0
0.741206703692725,0.26851311227807084,0
0.7523363392940291,0.35013170898315443,0
0.7699585871514041,0.37580233933597246,0
0.8010344574638876,0.3522538216550336,0
0.8283606166583285,0.4160873753287439,0
0.8143707038876147,0.3758035679230056,0
0.7710878870290312,0.38970995181093326,0
0.7256078483690117,0.3776340700662884,0
0.7952449759552941,0.39526619899213233,0
0.7000114552096589,0.35131866045820626,0
0.7258873275185678,0.3578922192990429,0
0.7649310763340971,0.3880828393419262,0
0.7733530096141418,0.3440182056715181,0
0.7567190424521979,0.25434511505222396,0
0.7439424325808617,0.24552075785773406,0
0.8101650265717486,0.24902330843379825,0
0.7207332733340504,0.21590663176548872,0
0.6544719807755208,0.2765542742195269,0
0.6692951880637751,0.2838864280336486,0
0.658779628134053,0.2592661445649484,0
0.7374070770641564,0.2877034482622375,0
0.8241017600385465,0.3150222204422152,0
0.7635953279191563,0.3375730987419984,0
0.7942755022592843,0.3505017811243897,0
0.7833096808455572,0.22939501585816868,0
0.7969868284111752,0.20910014664910478,0
0.7144078733085542,0.24855018588120134,0
0.6953188506193456,0.27276400997947275,0
0.7073944330798198,0.30493729215530135,0
0.7368664390938956,0.3170512203663154,0
0.7099992730357315,0.2938283121603303,0
0.6159669479000264,0.2783542974187405,0
0.734892900219891,0.26134813045951755,0
0.7557417690274183,0.26421020411842716,0
0.7958788292440914,0.2890586619448443,0
0.789515178425703,0.28204054441225906,0
0.8056093082491501,0.27902999453947436,0
0.8513295558879354,0.3544324716023565,0
0.819011482265337,0.2934080731321054,0
0.791699224256946,0.29924045288541273,0
0.8015326198422177,0.3228347734055175,0
0.7909854610317361,0.2861703916395003,0
0.8277099215453131,0.28366759157629856,0
0.8235652597789643,0.3010360022340425,0
0.9378707953502381,0.24796175180552305,0
0.8186528613018607,0.2013490309168987,0
0.8098313024137521,0.16278344158564195,0
0.762806665376977,0.16363895775516069,0
0.7709330168991997,0.0709949708130368,0
0.7299723558297184,0.08727873348881937,0
0.7771951319412549,0.12153402230710178,0
0.7147792509443881,0.09271175375538629,0
0.7274565971171922,0.14098577249044583,0
0.8192754265596973,0.1464424204998719,0
0.6635215280411202,0.10096202748606642,0
0.6415509316958754,0.15807505774045036,0
0.6500457509518511,0.0809519105731856,0
0.6259119874093851,0.0680312999659463,0
0.6267354640511363,0.0864065273725097,0
0.71718472335964,0.10744945492582597,0
0.6886200643965319,0.037499378360051516,0
0.6736674346984902,0.10429034210964333,0
0.6807114825127469,0.2375408818589665,0
0.6077927272876495,0.20156416007709393,0
0.5941270126849891,0.21646802624362466,0
0.6371556738234493,0.2106314122144728,0
0.6258060060061656,0.17058125641457206,0
0.5470185464168892,0.17947105245174036,0
0.552651900529795,0.19833187024420812,0
0.5867209971183953,0.1381268344578812,0
0.5063714114405031,0.1664084892844611,0
0.5328133730282513,0.08144182640514774,0
0.5712481726909813,0.1436863351501058,0
0.5541723755540942,0.05536072175842366,0
0.704383156927234,0.09158624990845365,0
0.5663705255595406,0.0085084787249802,0
0.7377927464548171,0.007414784666461475,0
0.684734129643692,0.06464618763702007,0
0.6231910407423773,0.07307770657525929,0
0.6107220300194451,0.08681308849954635,0
0.6988044970550953,0.09721322550740874,0
0.6839952294250478,0.14476829900541954,0
0.5906443251846404,0.1429411331866645,0
0.6846410272158254,0.09335130285223862,0
0.6950352161988044,0.2417140755831092,0
0.7139339110324052,0.24177303048288348,0
0.6651014168338072,0.19483516430313405,0
0.6213646768571153,0.20399109576946714,0
0.6037660248534313,0.1624663743555553,0
0.650815116600996,0.042873946118525255,0
0.5456075911943106,0.06175957046035992,0
0.5111857044716361,0.20690538819424886,0
0.5286630686950575,0.027864707695187924,0
0.5937481035987912,0.0347205954482275,0
0.5524935775131519,0.03448759634448633,0
0.6151674209698897,0.06133260736268152,0
0.5363264724592226,0.172418826957077,0
0.638222279396019,0.2001015426472791,0
0.5667541320465479,0.23690608666218338,0
0.4931043278123962,0.23648672129741896,0
0.5749122672825151,0.24311626257348573,0
0.5150731386906346,0.22379320431163618,0
0.42019697657003713,0.25044735853087896,0
0.6075753187496011,0.11382876850759985,0
0.5096158736364761,0.17628911158970584,0
0.5474778349606952,0.08368183709210943,0
0.5131801944548271,0.22369257025909411,0
0.5606209720962175,0.12135951999681809,0
0.5921897791226689,0.1970885523575981,0
0.651683881878544,0.14860098487802628,0
0.5941505087946654,0.09610795078616935,0
0.5372202003332476,0.09617602302027432,0
0.5349755810803345,0.07571463193131396,0
0.49719164925283144,0.09379193425173699,0
0.5600179160292785,0.017707728950749055,0
0.5593094547798839,-0.04623496406430434,0
0.5690059102518267,-0.10452530639423853,0
0.5808460317759468,-0.048095346506393175,0
0.5133817783751403,-0.05482493946960525,0
0.6081573666018096,-0.06028251962063508,0
0.6264592518765124,-0.06346652710914176,0
0.5339088049551244,0.05385520637478411,0
0.5225460027948381,0.10543349469674618,0
0.4450692393504231,0.24141084769651341,0
0.5562178745855646,0.189966377462165,0
0.6237332797230396,0.046147398307085225,0
0.6152704201797796,0.04598827580589612,0
0.5911737884300103,0.1273522911096631,0
0.5733316189798381,0.08073577274897367,0
0.6170937174850882,0.021700662105569472,0
0.640803593526141,0.010324699783649246,0
0.5561986911748983,0.040534660524783696,0
0.5239987258887346,0.047809575576045704,0
0.5416198596344295,0.12127880850265228,0
0.42809618203133426,0.02989481978067042,0
0.5057089528160097,0.012331731268986866,0
0.5289223001676412,0.058543437555615294,0
0.518731457048951,0.049955986681905346,0
0.4919185458108237,0.10576939018425374,0
0.4923635640564331,0.13714143345021423,0
0.544913534291047,0.13088722245890105,0
0.5278850348255831,0.04331233413473767,0
0.5422802079319615,0.03814132513278971,0
0.476075506602302,0.07842466800047632,0
0.4418561303369641,0.10160272167485915,0
0.5333575747537236,0.0767580379363786,0
0.36065451465643894,0.005372251191185423,0
0.4659045502218487,0.0534082376305325,0
0.4606797503824317,0.10662003924338254,0
0.34664887755758067,0.1094672521407935,0
0.40263186545550594,0.09043506940856876,0
0.402153113905612,0.04118249508194923,0
0.42810370172682344,-0.004056853792389022,0
0.5157797577750314,0.05557104231599916,0
0.4826765576376907,0.10144499508651109,0
0.5294590970306471,0.05595899375741824,0
0.6348160621043557,0.01760552633780566,0
0.4924131782039963,0.06838091292149384,0
0.5392499705245133,0.1369760098311823,0
0.5622999013548023,0.02568258413121982,0
0.5463489677843605,0.022692898178133622,0
0.5147275500889436,0.057012416923553584,0
0.5297679340165933,0.08201793082537692,0
0.4865041802056517,0.08616747593973144,0
0.569975071079559,0.016287401162937462,0
0.5765176594885423,0.0022927553115510233,0
0.4859364423575731,-0.0055562985004712195,0
0.5542117789481144,0.06101355864569319,0
0.6108056639805762,0.10202879027835048,0
0.6409382898071129,0.12998734684481184,0
0.5481791854001825,0.07915450057540013,0
0.5673445840033505,0.15889413260303425,0
0.5773705055076165,0.08834181073800386,0
0.5741086560455415,0.04909773190489873,0
0.5994679355227499,0.040358752750646334,0
0.6282120657712739,0.06421915023222333,0
0.6155847518729706,-0.008751112653374707,0
0.6273872612266427,-0.0996793295036974,0
0.6665139428897714,-0.12478239498132121,0
0.6875169049426432,-0.14988092580269696,0
0.7294105265589276,-0.11012075456336724,0
0.6655897578224731,-0.050860029117562405,0
0.6071032589638371,-0.15359444588939627,0
0.637159936092125,-0.10262715511519267,0
0.7449136801945057,-0.08904427966000679,0
0.6823723709352492,-0.03644638273900682,0
0.6955671364556594,-0.02158814898337425,0
0.6660077977144002,-0.11166217236509465,0
0.6764500793306529,-0.010136575240141804,0
0.6688726281203629,0.02427734116921352,0
0.6741240213589692,0.02411351934677994,0
0.6723347949247027,0.10644713994430807,0
0.5618354492198495,0.03650975070302813,0
0.7054781490257396,-0.08738136262392782,0
0.5265562180914475,-0.035478580548853965,0
0.6111069423721118,-0.04988521148466295,0
0.5468112192168629,-0.06920435075041477,0
0.5393890559278398,-0.07350374524874824,0
0.6006498389884376,-0.07007892222632782,0
0.5356528366692019,-0.0840904615437347,0
0.5007071511104713,-0.06211353814844005,0
0.5547551945634535,-0.11297236367830285,0
0.5161801430205307,-0.007927098997334472,0
0.4945345270015045,-0.03409896145376335,0
0.4974352440601346,-0.07498857007229165,0
0.6057884756999216,0.054750930201488385,0
0.4889404695222915,0.05495666919393746,0
0.4804706516224565,-0.008352393122864274,0
0.4688609123218107,-0.020659318807101666,0
0.4832711171550161,-0.03740839162066831,0
0.46334472552709605,-0.2201304427929412,0
0.56086232774693,-0.23133994959431586,0
0.5503113945215047,-0.19980185654894428,0
0.5650091422871809,-0.22217648209374385,0
0.5172951686236754,-0.14783109529406274,0
0.4859697432968916,-0.1241484558364738,0
0.4748949108796633,-0.05614354123760547,0
0.4240091671135231,-0.042111567793671166,0
0.5091401833626155,-0.08400036078106513,0
0.5335289772636241,-0.07635452327796775,0
0.5286878562730746,-0.08573107857136467,0
0.588139955958343,-0.08894985791442146,0
0.7727015511479686,5.894454727478626e-05,0
0.746993849491526,-0.028876932092295804,0
0.6315850186337657,0.035215493915424306,0
0.6737374081615581,-0.06203830465420812,0
0.6778241532255257,-0.07043225144669668,0
0.731798297402202,-0.07316777765649904,0
0.7086193606613524,0.011272229116100999,0
0.7200267533332328,-0.04331704815922921,0
0.8056743138254946,0.021835281219958855,0
0.711742179695525,-0.020673077881928452,0
0.7500126704126358,0.006089090679358457,0
0.7603644328698312,-0.038991386262989126,0
0.7649056695357288,0.021964466518426658,0
0.7480282750482878,0.06439878128772841,0
0.717941041413375,0.010076192459020292,0
0.7201416008221895,0.02636751757463851,0
0.7092459689859478,-0.07262102846501427,0
0.7467493006123126,-0.054644168865302045,0
0.8131845650923208,-0.05547990483556846,0
0.7965271121252129,-0.17008523426353345,0
0.7768890785846349,-0.08965115727050514,0
0.7940253352434564,-0.1252937748474196,0
0.7726965571323738,-0.10276966582188007,0
0.8217696061848897,-0.053894080316354266,0
0.7882946465049474,-0.040078854352898846,0
0.653263813378218,-0.04331572927590372,0
0.7509304465922455,-0.06246544234134549,0
0.6654312800729613,-0.0034282432583665756,0
0.6563791088669695,-0.028153187685571915,0
0.6945257473389665,-0.08271794357912138,0
0.6679077661194669,-0.06297911792942182,0
0.5887434880398971,-0.03415575729187499,0
0.6771992503503789,0.001968921698540571,0
0.576929654296502,-0.0035334294003080942,0
0.7032253314371435,-0.1269651482760776,0
0.6260745464102904,-0.12179856342887563,0
0.6981437440395762,-0.17908090903234167,0
0.6410795857663253,-0.19629439921377753,0
0.6178771146752211,-0.15455013290518116,0
0.6083100407525956,-0.14192833560010434,0
0.6418072167925638,-0.10479042177801201,0
0.6330845898419614,-0.07740574769798447,0
0.7037971499444351,-0.02299997599665797,0
0.6426460085564718,-0.0924662405640824,0
0.6324225197695771,-0.12493416257600229,0
0.6068133614479486,-0.05796940358030711,0
0.6370324440215768,-0.09632640587160528,0
0.7043084171231045,-0.05869422645335527,0
0.791854585952954,-0.0659026703087111,0
0.7363637920248223,0.030856378374535545,0
0.7573327531887859,-0.11786518025512492,0
0.6900519149051485,0.01767989069755259,0
0.7328398696659725,-0.0031299725109609315,0
0.724853931738284,0.017474209902432033,0
0.7689438083564493,-0.046730930305981425,0
0.8077039363103368,-0.015159256445858756,0
0.7493719787199089,-0.017719690496095362,0
0.8330340355376188,-0.07156505683421337,0
0.8716469292675618,-0.11200648869011937,0
0.805693500210388,-0.03954530169243915,0
0.8110372638299503,-0.052557392203232446,0
0.7995372558724462,-0.08199068643547587,0
0.7963975755954618,-0.08051631955715234,0
0.7497579853512129,-0.1317079656387966,0
0.7485818788321162,-0.07744224393349311,0
0.7336080513529827,-0.026059503601113955,0
0.7155819351518026,-0.008622405966336288,0
0.6620890481772461,-0.018463659669090776,0
0.6395130745147525,-0.07362305554217118,0
0.6523069872398792,-0.07022790097469872,0
0.6686860509222728,-0.032419614412282444,0
0.6415319113344039,-0.14706806420681362,0
0.7011141043853539,0.012564550999117075,0
0.708113257836832,0.06592978871427996,0
0.7485091405183407,0.06307730504996423,0
0.7099139261410113,0.1524094711864439,0
0.7569265320086531,0.03316605529718181,0
0.7659953989402906,-0.007348657200479461,0
0.7867111519595145,-0.02377794995714859,0
0.7672376984996658,-0.04924479036207312,0
0.7818014604066532,-0.05092794098445801,0
0.8323914506505974,-0.07043212972806873,0
0.8400720979781249,-0.09480997651389586,0
0.7561870518669573,-0.07647366204010192,0
0.76591607723115,-0.03135945201748834,0
0.7089516276074196,0.02083480541515198,0
0.7588367883591471,-0.036989181259461816,0
0.7630909716751453,-0.09981535935911548,0
0.752511815253472,-0.05003756781296613,0
0.6486089719636959,-0.03159598660831461,0
0.722786577178578,0.025360422202830725,0
0.7079602743891955,0.012767295282445927,0
0.6544100593077907,0.018246152715986085,0
0.6619236091263972,0.023705701850865124,0
0.7179586797375848,0.04277424923505503,0
0.7464335050455698,0.03512789764929794,0
0.7479843570371455,0.02898256072361832,0
0.781885229266798,0.09521089238512702,0
0.7743926089294867,0.06900360261129014,0
0.7899813541420183,-0.026803852077146764,0
0.8840164626944931,0.009839087267519558,0
0.8478517698280972,0.1765635304895455,0
0.8379293330056592,0.12124372048374688,0
0.748697946962605,0.07946599319617106,0
0.8264686863614328,0.08249198294682542,0
0.828416979229711,0.07975967011879902,0
0.8347121026424908,0.10949079443768922,0
0.8619704194386818,0.06610118862271605,0
0.8763295507626132,0.08854115129330808,0
0.8649690663478357,0.06102185873630432,0
0.8968255032180057,0.10505011726152616,0
0.8314744059638965,0.11802666973037731,0
0.8689218928172091,0.05704376219160761,0
0.970587313934968,0.004567911461414109,0
0.936484940508867,0.14673649909603026,0
0.9132696561369859,0.1999105585646447,0
0.9497322162278887,0.18569833688107318,0
0.8243154364094137,0.07612049104061973,0
0.9578998023744572,0.18909295899705192,0
0.8726052496350143,0.16496257698372283,0
0.9157337074557079,0.18085952152936796,0
0.8767045116016926,0.14708875608575495,0
0.9860075930655983,0.1711535099079045,0
0.92427149026211,0.10285204587106685,0
0.8367448557013999,0.22393407060004455,0
0.8757385286271215,0.2012842035665553,0
0.9582975296341386,0.16853603937432443,0
0.9118635196863965,0.195542445832754,0
0.8471051561646619,0.2145818494744657,0
0.9833358222626697,0.15118947900715085,0
0.9660844047496052,0.2137818984109801,0
0.8744151443691888,0.20688560037880743,0
0.9772975271072397,0.21515751671454922,0
0.9435542519777858,0.1964699207135101,0
0.9772178522107176,0.2948577930681565,0
0.9994692301942956,0.2292906459833537,0
0.9874687231994173,0.2043982735077112,0
1.0052583906885921,0.2612333754129648,0
1.0687705714324147,0.23036687046996768,0
1.0124996099603512,0.31418558419103704,0
0.9858269138493051,0.2628791263032902,0
0.9916119772331737,0.23441955897007655,0
0.8564733721509232,0.18786994753731734,0
0.8917701556097718,0.25691103584372854,0
0.9443800062078616,0.2554761860614094,0
0.9073614801505356,0.26824005239475246,0
1.0157920163661818,0.22730260307269542,0
0.9920023794276189,0.2720440159469004,0
0.9646765265554726,0.19562884989179016,0
0.9434615443881899,0.26020341788087675,0
0.9964635058381076,0.3547500650351092,0
1.0017352396268808,0.32316336381825034,0
0.959274782271135,0.2534925817871112,0
0.9753244349855539,0.27316771441651183,0
0.9978069981815292,0.3810446924087219,0
0.9037447459928555,0.3297573169550521,0
0.9404572553391122,0.17575299675755743,0
0.8555942363722128,0.18061218887665365,0
0.9451637314052105,0.19951716643063633,0
0.914476922724682,0.19090825719020935,0
0.911858227859921,0.2652070598094295,0
0.9800698418303843,0.17692432276726627,0
0.9315020288694257,0.1740138949770015,0
0.9098105429411227,0.1659898141085184,0
0.8797149316791737,0.13262473218039,0
0.8602917111918651,0.1993091993467998,0
0.9168531874523488,0.13590874904165634,0
0.8241248595284543,0.1555310049157929,0
0.8610257195351143,0.2190105685690259,0
0.8743505301538526,0.18809447178504918,0
0.9199173270677499,0.13131487694028698,0
0.8026799042064353,0.13876746740624446,0
0.8492582488866548,0.13601017227572465,0
0.9705206804173967,0.11871661564688626,0
0.9860789825144926,0.03363383372870292,0
0.8906424061887755,0.06815762666927562,0
0.9043410018903233,0.051043022048401346,0
0.8931729902494809,0.07972177773483209,0
0.8713290319735617,0.11042289397783005,0
0.9561687549603763,0.06624190136395634,0
1.006722021576698,0.10295798710153767,0
1.024776830967386,0.004410633554919913,0
1.099953164005277,-0.0295908319037484,0
1.0876470908098612,-0.013255992799605109,0
1.0426298398085796,0.025324259266968217,0
1.0120230444119642,0.043993132099873905,0
1.0601302911324548,0.04238009690852585,0
1.0343138576889535,-0.0716901988507819,0
1.0351489173174162,-0.1193897778030856,0
1.0052186030418266,-0.03230247626582165,0
0.9524404087895912,0.0024174829495896694,0
1.0460177086165787,0.05885351940657426,0
1.082791767860252,-0.01308032552776816,0
1.0817547900619624,-0.012887894648833928,0
1.1045329319747388,0.042753362269261186,0
1.0571608068347609,0.03271792625543804,0
1.037074502417056,0.12421914727217953,0
0.9428380895952159,0.07121206940319917,0
1.0092900877906053,0.08637875102085592,0
0.9204212303968611,0.04986645506968915,0
0.9787325476853452,-0.0024609400728089273,0
0.9749516564591149,0.011388792302080437,0
0.9372360439368314,0.03613563252846415,0
0.8590135981049273,0.12082358167270506,0
0.8166036614111016,0.1288712686425884,0
0.8412194430544543,0.1130667219280464,0
0.856386697320215,0.005588324712443193,0
0.8852388112166771,0.059959464877610336,0
0.8034184920745518,-0.05323605529824621,0
0.7540557514444955,-0.0719098577524149,0
0.8172245403022422,-0.019461259170047415,0
0.8056261161751269,0.04690709162023539,0
0.7123884107814941,0.04553010388916357,0
0.7147541600775984,0.02169373269324301,0
0.7118023111410992,0.03844527593238627,0
0.7326983563659728,-0.05170275237189608,0
0.7523430406463053,0.02280506929700587,0
0.7808655657045193,0.061028693605668816,0
0.7864263785834099,0.006564342325231003,0
0.713339764922719,0.03492821106582206,0
0.6368097964801757,-0.04161066157323537,0
0.6874639872922808,-0.037133579022817824,0
0.6583903428895155,-0.031063923678547236,0
0.7300952153049755,0.05754980846976876,0
0.628117804294413,0.110908708444719,0
0.7210384295138779,0.04081536049382414,0
0.674049840680728,-0.022089838902679,0
0.6383122447292245,0.008004650129544644,0
0.6645238097927062,-0.058700266002906995,0
0.7428829621586758,-0.08328552107177303,0
0.6752279480638659,0.020295253587024567,0
0.6586988745377035,-0.02460763016004413,0
0.6974937091277786,-0.02943107247889799,0
0.6265109975478722,0.008950086612427011,0
0.6542573789288123,-0.06978049376132868,0
0.6160273551843309,-0.10892419241286824,0
0.5650160176861899,-0.014319616100936003,0
0.666532751264183,-0.12146432898233776,0
0.6074540083858848,-0.09790827685135742,0
0.6990084239643448,-0.11085735622267803,0
0.6050503259641062,0.019608987905831265,0
0.6725395159779461,-0.08646287316882005,0
0.5538293597338428,-0.08927287474098632,0
0.6591112475005155,-0.17538790136456295,0
0.5415202136826908,-0.14367923325179668,0
0.5148066900867827,-0.11308317511856723,0
0.45933399260468966,-0.09259517575170012,0
0.5203012778864542,0.03440623876991741,0
0.44739736742892827,-0.03741982218848362,0
0.5123091022672418,-0.0703673632606687,0
0.5932231555257499,-0.008751441713655626,0
0.57279264673025,-0.027303552541853484,0
0.6060949874562409,-0.11502742116368148,0
0.558558511233661,-0.08518719501577052,0
0.4946009070046137,-0.19063800941093564,0
0.5479275935812497,-0.1484469928399636,0
0.5806887342362279,-0.16932932201320963,0
0.5097224241830454,-0.17095446647190393,0
0.5396637203777661,-0.17023365067176932,0
0.5295770337952408,-0.04418903465218951,0
0.4987977019668884,-0.1421354988926029,0
0.5419804718398606,0.0034073068260606354,0
0.5547656040965424,-0.057098727426118594,0
0.584801990452406,-0.1580003532306737,0
0.47112206845656096,-0.04597789179406149,0
0.5587211163632924,-0.03938389539896087,0
0.5341732684515246,0.0012076198623419965,0
0.49358458728670535,0.01941912363432186,0
0.49920057022917413,0.05726124775630469,0
0.513401953447203,0.09217636637565192,0
0.47994458123013006,0.16535709430987927,0
0.46878889251234107,0.10944354959142819,0
0.5301849365885816,0.10993620366762356,0
0.5016703103512945,0.09918220516784912,0
0.5497716012405149,0.07287076196501749,0
0.5542319038476063,0.05028526045518185,0
0.636372889666337,0.07350487043975606,0
0.5761399133968842,0.04620381398048244,0
0.5517023540630197,-0.03539944850804304,0
0.5521057676123351,-0.0336674917242954,0
0.5650428198111123,0.06929710626919316,0
0.47520928107177346,0.02583033502976867,0
0.5375313879537191,0.14963999579244944,0
0.5672836697316839,0.1478856879083856,0
0.5164778560734968,0.08395157767524798,0
0.411796691342573,0.10220935087929213,0
0.39311437944810135,0.014004945076367112,0
0.4919496339823827,0.08837942603139626,0
0.47488288520799643,-0.00774462730257415,0
0.5295641780047475,-0.008858948405497039,0
0.5734229420168107,0.003135098667550948,0
0.5510295782325058,0.04242368832230534,0
0.5694662469324853,0.09065153815552954,0
0.5857204269612475,0.01392859357418108,0
0.592500070905665,-0.014765101934895015,0
0.6578241567761051,0.05592879989650658,0
0.6328407037272812,-0.008241966305952031,0
0.7156438801618157,-0.0546782520899427,0
0.6814627191575788,-0.022519515241401833,0
0.5880586532853368,-0.026361478303171454,0
0.6288713794117359,0.04600334061692339,0
0.6769217528218674,0.0015788983640066256,0
0.6704510924120245,-0.06715184357957198,0
0.6878524034037938,-0.05805596763900271,0
0.6863021701222481,-0.18027464956627232,0
0.6959093222879292,-0.010858710242476893,0
0.6702549760939491,-0.05538344454625958,0
0.6929883543936024,-0.04411690217211499,0
0.7380441680837407,-0.04072602891015282,0
0.7513242706163173,0.00964860903322512,0
0.707785066719559,0.020805736314958002,0
0.6922479329394876,-0.03726621713155525,0
0.6623467015040387,-0.07662608413875693,0
0.6000081388220371,-0.04944971156017933,0
0.5999586311112529,-0.0878318958454942,0
0.5209608439859127,-0.10732592639580599,0
0.5408605921812639,-0.11069253059169545,0
0.578003879396042,-0.07302140961637377,0
0.6130722822149333,-0.07982548161686157,0
0.5796575889217928,0.03428681740242728,0
0.5735971249290328,-0.01990238326335296,0
0.5007928318053686,0.05168712763644551,0
0.49105876433356177,0.09782456148156454,0
0.47943433842507116,0.0785202736989939,0
0.5579832576788393,-0.02520051309959763,0
0.6001464322302283,-0.01916487291874608,0
0.5703598865652512,-0.0582599621984073,0
0.5342966176617379,-0.08054810439361552,0
0.5716829472627939,-0.21305194728751353,0
0.6108920007505744,-0.27621480865757503,0
0.6078067806569418,-0.2922899511307945,0
0.5712893467762479,-0.2339627210996255,0
0.5516764425639278,-0.1936100493472414,0
0.4804058472585456,-0.1653827047194052,0
0.6454567463211727,-0.2018656357773027,0
0.6884010852045093,-0.12339439285550884,0
0.7327980512971798,-0.24603673552972855,0
0.6236963930510746,-0.20441848670400592,0
0.7098780577059599,-0.11687939915570975,0
0.68646600834852,-0.06168795395302782,0
0.642141677908984,-0.004866374212294355,0
0.7037100233236876,-0.07730644350647796,0
0.6961878219446828,-0.16514189896034193,0
0.7607916418248221,-0.019061421200271655,0
0.6883877677394711,-0.13344074119018465,0
0.7126576040895506,-0.11697859461600078,0
0.701858186313467,-0.21121200481101693,0
0.6505786283931494,-0.2360334615810136,0
0.744522260062007,-0.17177524366250368,0
0.7542692375059215,-0.13558767478390307,0
0.6368548103519484,-0.14650178431238728,0
0.7294268928048011,-0.1712096590877084,0
0.7468689439409812,-0.1588054818825862,0
0.7174911740057999,-0.12693089271330976,0
0.7594742554482825,-0.10410531063449543,0
0.7033874704388123,-0.1326575376173532,0
0.7118048442371674,-0.058789088444802975,0
0.7609617945075073,-0.025226498455070558,0
0.8142059714488131,-0.04657001504025801,0
0.7497371718550273,-0.18267715314725635,0
0.816926039983123,-0.13927375164496683,0
0.8215668297932295,-0.1326196057859711,0
0.8599695268865793,-0.1865272586155907,0
0.8337461064267305,-0.1860021264581613,0
0.7849980216084975,-0.1704260608611299,0
0.766730553022374,-0.13269843404811427,0
0.8121971769395102,-0.20186628049478683,0
0.799002886572641,-0.12624079681171663,0
0.6968638338891238,-0.11009065794193267,0
0.702829395852668,-0.11931909582344283,0
0.6348304139046135,-0.12304929399510456,0
0.6350791430440241,-0.1429693849222088,0
0.6270069019078559,-0.12742807114890348,0
0.6506848482907007,-0.1350927295087572,0
0.6514161387179932,-0.11043710141804704,0
0.7252253181700036,-0.04024888654498404,0
0.7453218097704374,-0.10826295669115144,0
0.7649420642181907,-0.08095524336702965,0
0.7137503551599094,-0.07459808194403574,0
0.7157236334669411,-0.06055794343232608,0
0.6317527801209958,-0.001965114278025315,0
0.708330079924716,0.0639271070614819,0
0.58651193932137,0.03806735788314709,0
0.6481530047258963,-0.06637821016952342,0
0.717551817051723,-0.04228315576921368,0
0.8063094659691301,-0.09663674036310102,0
0.8596687239207377,0.01520651699245662,0
0.8054409964228757,-0.03186765220610867,0
0.8470984869639151,-0.03186703895729964,0
0.8299386281894743,-0.021113058990375074,0
0.8476775238849834,-0.04288757229370278,0
0.8838225585270035,0.0030506247228865788,0
0.9285135212309654,-0.08699442552319886,0
0.9143603248914403,-0.1426173164401088,0
0.8399097447244006,-0.11363622717401084,0
0.8375080833887549,-0.07724679441414306,0
0.8508040817492621,-0.14144521414095765,0
0.9227911517833469,-0.14873042883145707,0
0.7920415678863653,-0.08190925984796754,0
0.8507583619064825,-0.05908876484679705,0
0.7606562805027006,-0.020053313933567546,0
0.8241251015724331,-0.03970643038223032,0
0.9433932218579021,-0.06527197885639294,0
0.8487586909756304,0.001627022431704539,0
0.7511839007947944,0.034691416134410506,0
0.8354336409172851,0.026783916008324284,0
0.7660657864841757,-0.017284491316504447,0
0.7136547073108289,-0.004137538248122017,0
0.7482684564127701,0.017693232109124497,0
0.8750052737633518,-0.03132649204648182,0
0.8617756183894584,-0.08238560838834223,0
0.8575170173635691,-0.14416460599865027,0
0.8551633144489793,-0.0215110549375047,0
0.8931325517598229,-0.048741422416225116,0
0.8786609023556085,-0.02297605296216922,0
0.8480015810242653,-0.028866201220182165,0
0.8652789137652482,0.07118829607766139,0
0.7381873934978023,-0.0034639773262031825,0
0.8136718450980607,-0.030134429474008018,0
0.7871446620627045,-0.02307111032515615,0
0.7718090408629186,-0.011565970562993445,0
0.7498194232950389,-0.0798031750173483,0
0.6073705050689167,-0.07834819827100371,0
0.684581731232228,-0.090526408406988,0
0.7328994127208447,-0.11851938347691837,0
0.8195734137967698,-0.06413785833822577,0
0.6599887582546574,-0.07871155808773438,0
0.7401535687617026,-0.05639800673693096,0
0.6779882460104709,-0.035339990669436945,0
0.7166567353031299,-0.06308945738303212,0
0.7430052942075114,-0.0435356163793307,0
0.7759621507138676,-0.11965215695559639,0
0.7321159939149133,-0.1023318768617534,0
0.7763516681349809,-0.09951694899105186,0
0.6137640648632658,-0.04046738212861985,0
0.6117719906750545,0.04968659237848279,0
0.5494822329361099,0.00388525155418383,0
0.5369691537275662,0.030873342674099042,0
0.5854116892127819,0.04866455031663612,0
0.5084788241757631,0.024933740525908982,0
0.5795415995547183,-0.07821412163946287,0
0.5103027606771651,-0.008107292674271169,0
0.5819684969776504,-0.020709942568880778,0
0.5663670867738556,0.07740121042755813,0
0.5510792401788462,0.059468386355506705,0
0.5436880349929223,0.13965187727354117,0
0.6818381766541681,0.14779319403133007,0
0.7026117685422898,0.1331002014093531,0
0.6459357518460453,0.10446363985838206,0
0.6421506073862397,0.13214229186484042,0
0.7490471133380215,0.08867949879569446,0
0.636918084323923,0.010330269269458278,0
0.7148931610862741,0.09080453517356427,0
0.7252769627671877,0.04371782597229581,0
0.7068285414756009,-0.03601742566800915,0
0.6747462656700837,-0.023792283902179166,0
0.6792772371209568,-0.036494507554164696,0
0.5910984091879767,0.014211070800104739,0
0.597935765759954,-0.0016681015874330622,0
0.5936870928258262,-0.04086046363997252,0
0.6458421415877095,-0.04665567447941064,0
0.682935258339886,0.002689161850382024,0
0.75255238043369,-0.07324360240048144,0
0.7095121051044665,-0.051616527529208346,0
0.7144536520159461,0.038127916475449435,0
0.7634376208703121,-0.0002918379577212943,0
0.7899551575421083,-0.021140449480427665,0
0.7971317804592878,-0.027108980102896578,0
0.800120949796422,0.019404374036769083,0
0.7479709904123392,0.0005319593241393979,0
0.7783021649038128,-0.015073943193422052,0
0.7168754590239642,0.0654189636592721,0
0.7540757771673893,0.06486338100676192,0
0.7724721255676182,0.03481068655671499,0
0.8169965622302525,-0.025735705751965744,0
0.7430704638708142,-0.013269837872229328,0
0.7008301115364802,-0.01253740893599886,0
0.7186324636766506,-0.058516796324334895,0
0.6680906173627735,0.06515497628183453,0
0.6931947168141577,0.03689029186747972,0
0.6793955440527931,0.01739631168920099,0
0.6714239099571694,0.05387098916711837,0
0.6486324968686105,0.09053170621815884,0
0.6991697742230568,0.04122796391576738,0
0.6823561307463116,0.06801179853465125,0
0.6647992773890052,0.03914803232464002,0
0.6247421716239415,0.0196409442203754,0
0.6719828461929324,0.042951772828029575,0
0.716282714509426,0.12182488062996259,0
0.6954782752197811,0.09245656218863918,0
0.690336444705967,0.04466769456144137,0
0.6575708440033702,0.07717144831406035,0
0.7256037707557504,0.042901837403143364,0
0.6183860049446389,0.04578379375753622,0
0.7437668618824941,0.031246306862419797,0
0.7169078705049748,0.016655458942271585,0
0.6860865406338871,-0.0008066502630924323,0
0.6944293281408628,0.033222391972146076,0
0.6270132366344445,0.0873819371481796,0
0.6500869502411052,-0.07377623114310894,0
0.6502534444390027,0.007306351767471395,0
0.6139881488316569,0.0747371925436026,0
0.6971941336699352,0.12350246532421,0
0.6765604568398005,-0.042643564983487786,0
0.6036811066380986,0.056495819389666524,0
0.5519750702221758,-0.0175260652812535,0
0.6118320501376515,0.03780968260408124,0
0.5727557029228592,-0.007824665040991212,0
0.5864192257356561,-0.039309097523155985,0
0.5934320876826467,0.09813091492449785,0
0.6485835375652139,0.07837155456422253,0
0.6487450402074398,0.12152974927182296,0
0.549783796274568,0.15577658667807343,0
0.6226823650888123,0.06210113157232261,0
0.6410828791003909,0.12324738459091214,0
0.6165060553909615,0.11293151160024748,0
0.6650939161955925,0.08604998037539466,0
0.63173620589174,-0.014698330097533366,0
0.6568720428262885,-0.04824104377115927,0
0.6429854565901564,0.04867897632389406,0
0.59211362188975,0.10703922349499156,0
0.5770343544263933,0.09115780995054704,0
0.6960453949935208,-0.007751105181418347,0
0.5930576655417923,0.027742232527055675,0
0.6466191900217563,0.07321434408480429,0
0.600756441158197,0.023840638810760678,0
0.5708427852994677,-0.0015478221629819343,0
0.5707808689568195,0.013836318510306337,0
0.6707342350286944,-0.0220093519039724,0
0.5763058340743588,0.07535062857125152,0
0.703500404217217,0.030482883116102512,0
0.6229546042005739,-0.004148741279903147,0
0.5957461579356946,0.032776983376559675,0
0.6757951426683573,0.011677264483145183,0
0.7159885922239163,-0.09169660635586174,0
0.7207081827133724,-0.07998631507834343,0
0.6311440582023915,0.0015680081826447145,0
0.5656274287112403,0.017345584515986227,0
0.6093992544943777,0.0042859608974552856,0
0.6120338104186035,-0.023472753008889145,0
0.6022823050507551,-0.11097828853549713,0
0.6316215318168659,-0.11707477667219411,0
0.6110414196585708,-0.04952891011448185,0
0.6146378988069423,-0.05339034745268885,0
0.7385216952242333,0.014208244721920477,0
0.6819977596671,0.027521597833304823,0
0.6945609928379165,-0.04207651603130938,0
0.6042121350462208,-0.11330520028399586,0
0.6653796936362197,-0.018033364685204792,0
0.656366165591311,0.023799837113569977,0
0.5854278064571289,0.0006780107658383577,0
0.6420587509182805,0.030821516364716084,0
0.6681537653830512,0.049548723326648836,0
0.6274754983550831,-0.05123176489454702,0
0.6195703432708924,-0.08315923628878594,0
0.6553954182627247,0.019897381761075306,0
0.686438009206399,-0.03758653446614566,0
0.7507673848168384,-0.020156725272199135,0
0.6805818316873768,0.06709785890638581,0
0.7005107103545126,0.06281304811054149,0
0.7762893823051927,0.01890001232354424,0
0.8612511364040394,0.01575604371603318,0
0.7716715746492508,0.030848575040248374,0
0.7881974791927837,0.07267439233933924,0
0.7787474242090069,0.03484768734319251,0
0.7228737700322175,-0.046115607191775425,0
0.8263082241658648,-0.03642372081358791,0
0.7342408193207131,0.041437241471937,0
0.7596975000282055,0.051663355597893604,0
0.6819347727397637,-0.0803837528796927,0
0.6851557370201029,-0.01702830690418873,0
0.6687850550598886,0.12786012448984546,0
0.5703455384635295,0.1314812820931148,0
0.7037661482065257,-0.020514617800403145,0
0.6616316186600463,0.053136054331669694,0
0.716041585297791,0.08446601429304931,0
0.6873621645680552,0.15281380088235347,0
0.6386920987625074,0.20592515972214637,0
0.6359302887305452,0.19077272058824193,0
0.673156004774534,0.1176392431137832,0
0.7155359715032433,0.09983223063992053,0
0.7741366675309194,-0.0264771393137678,0
0.6637778872883657,0.08545237727266769,0
0.6955786662678652,-0.05657193409371877,0
0.6485387814152234,-0.015696239284990775,0
0.6790666098715992,-0.062006872736003624,0
0.6693411833252986,0.03145815364435932,0
0.7134292410050729,0.1344278355276612,0
0.8273244125595707,0.0005977647557159627,0
0.8028582240875445,-0.03718953661209242,0
0.795512982129635,0.11886966363338988,0
0.7500027014434177,0.10414792518523978,0
0.8250354723887274,0.10860115714741463,0
0.8571812360824831,0.1818597926095368,0
0.7930250537255287,-0.012223388287746356,0
0.8846607811366327,0.045199209986351886,0
0.8203354840792603,0.11012828414360579,0
0.8409082263376917,0.07725196448485949,0
0.7768379638145728,0.050021167121058,0
0.7714929692562437,0.05681708923367578,0
0.809828081359111,0.09465690142133774,0
0.7985412891491859,0.10054404380806314,0
0.8658465276030426,0.06788930943954222,0
0.7978917781323851,0.1573784047036224,0
0.7574632746657025,0.11490452841105159,0
0.7806114809209582,0.09534102503143069,0
0.8151285653164639,0.1328018115931564,0
0.8252914535129279,0.12372893304627056,0
0.8361211822906534,0.04806070658343095,0
0.908591399181479,0.14582314500213447,0
0.9683911888995947,0.09557609639521948,0
1.0276445877208378,0.08207452545617208,0
1.0374262325031798,0.05073805354422544,0
0.9989672777427093,-0.05507087164958691,0
0.9493018918746106,-0.01346056908995772,0
0.9356027214930861,0.002926797873305142,0
0.9440283377898823,-0.03940600540653637,0
0.9668206689629388,-0.00399836297077185,0
0.9587011943842656,0.00974129647363833,0
1.0104029380832884,0.04264282722623068,0
0.9187069023712487,-0.05265005833435621,0
0.8645351298163492,-0.018251241343291202,0
0.9957053459400294,0.05637109270042784,0
0.908824227259964,0.043137217918002166,0
0.8584744199174202,-0.010879903530719659,0
0.8453545657423313,0.03925464242684867,0
0.890650534347861,-0.08795523647666151,0
0.8289616575445928,-0.0453572194231398,0
0.909594432556253,-0.015197476795070778,0
0.9029448124601935,-0.06416141660480947,0
0.877190996706095,-0.027306361897142153,0
0.8865995142306018,0.08884789243893829,0
0.9214726030253618,0.09152566355704822,0
0.8651499460817066,0.04507311413412263,0
0.893279131549584,-0.049913202112583085,0
0.8920354739447492,0.03475888293005404,0
0.8035902758389979,-0.043134223570606436,0
0.7160041074563918,-0.03515885030704474,0
0.7327874600842845,-0.026245462248899946,0
0.7400209778664362,-0.011561746752206682,0
0.7898030059816652,0.012750827172531934,0
0.7293040916286964,0.06196274301451211,0
0.7264156397698699,-0.04297804646000395,0
0.6442584579086957,-0.025956856898711394,0
0.6922302199434355,-0.006653213632995352,0
0.667197254228539,-0.051098685048068554,0
0.6767586014367674,-0.0010097178808029794,0
0.6949845054476588,-0.03595638157907224,0
0.6641089883431098,-0.005049780701223208,0
0.6660900994077265,0.01275094724165067,0
0.6695510115654427,0.033316077482408786,0
0.5713782642480988,-0.05788066971240136,0
0.599833624288211,0.047293613002503725,0
0.713149797274202,-0.00018824313806621584,0
0.6433089838544189,-0.025330915340208215,0
0.7544081489858313,-0.05074897957732443,0
0.7875026601686363,0.02636165858320281,0
0.7489866156316414,-0.0675166257380253,0
0.6482324276664756,-0.06684533711525957,0
0.6192386310158143,-0.21786349125337234,0
0.7066267886963011,-0.20277994529013485,0
0.7069407367073804,-0.12832214086806798,0
0.7148244625368657,-0.17673931247362568,0
0.719730102481139,-0.21281936820354963,0
0.6551379773746423,-0.1314204979460761,0
0.6243617080728417,-0.19877346167408527,0
0.5682484242552811,-0.20111512617556285,0
0.5887133381976546,-0.24325819394209566,0
0.6763909136650054,-0.1798731387139163,0
0.6965068298335807,-0.13734414947186022,0
0.6336695457598556,-0.17520996466716698,0
0.6653684093216172,-0.21757856821275018,0
0.6105522705978648,-0.1616250477946246,0
0.6245502466191934,-0.2567905358746172,0
0.6106617478829561,-0.1611484256986778,0
0.6576858101032463,-0.21602073880399722,0
0.6390923465278543,-0.242952857062089,0
0.7476848720280859,-0.16481416940007465,0
0.6929947288514847,-0.19313098632114423,0
0.7658026869781726,-0.1999680950839674,0
0.6993090857655583,-0.16218707508583508,0
0.6834244126595307,-0.17860451956299264,0
0.7729813228520617,-0.19126544980230192,0
0.7301248563348309,-0.1169653117466589,0
0.7100190348039886,-0.24197807950820588,0
0.7154687779302407,-0.15548932426756729,0
0.7626631742780502,-0.16349558397647668,0
0.7861171956344032,-0.18294936318670751,0
0.7609565899515602,-0.26069580929422903,0
0.7509332511780507,-0.3232726961856491,0
0.7253519166499572,-0.2572891710984456,0
0.8027519913347066,-0.27618774621864245,0
0.8438285379586136,-0.2106699338747515,0
0.9199901678767914,-0.2560687646186744,0
0.8434103803112231,-0.1645582661105636,0
0.7571206637719162,-0.1453954057501611,0
0.8097790508183047,-0.10378064226827781,0
0.7179762831138504,-0.16687082007961707,0
0.7650502933616092,-0.1841125283968184,0
0.6892847660860847,-0.07215334954680276,0
0.741461173053987,-0.02668911690587878,0
0.6249925843450749,0.0367572535690921,0
0.6152814120712627,0.060913589892567774,0
0.650686242671652,0.020753080406658443,0
0.6175752069700984,0.0834249501823254,0
0.7494888177201142,0.022221408219622762,0
0.6511729120617518,0.0959137009329259,0
0.6147107464573671,0.052860472858045515,0
0.6380660229888157,-0.10520822844581224,0
0.6486065527036926,-0.1386634958302874,0
0.7358034708866332,0.027777021774437888,0
0.6982336483351835,0.03461983531962701,0
0.6924774670307171,0.13833995573790686,0
0.7224187461197951,0.16892210202381694,0
0.6854742039945555,0.03962703338779208,0
0.7550742069315598,-0.04910120410009407,0
0.7428031742808663,0.06362491579384875,0
0.7763073538437308,-0.016437300360347615,0
0.7127088041940893,0.08294360574494597,0
0.6903754021128099,0.0071234021122918295,0
0.6925813467523381,0.016085150572336608,0
0.6991440952224836,-0.03703584553840369,0
0.6844139773863949,-0.0006093239154228436,0
0.7157999280218424,0.038522376090626115,0
0.6691155406351923,-0.0562013184870741,0
0.5987858550220481,0.013587639339967247,0
0.6969006950678143,0.03268479268553567,0
0.6399688598068791,0.007242957262831064,0
0.6954391353327671,0.004870050969783599,0
0.6335184339733967,-0.0006018407332370676,0
0.7660940108206038,-0.008451225064012545,0
0.7899085037663643,-0.007638977285104306,0
0.7717473229555555,0.0193352534698902,0
0.7865874371281104,0.020768336118849526,0
0.8311796031209335,0.01959135017364368,0
0.763383629752741,-0.01409325338222642,0
0.7871816596767873,0.038193678674563,0
0.7347640796101946,-0.07152575331777666,0
0.7385431118573317,0.05029087731686947,0
0.7159525931771985,0.07486830664471314,0
0.7247596102600601,0.049733553778990996,0
0.7463519771169643,0.016896959533899705,0
0.7178228960216967,-0.034126606605743945,0
0.8042081002249142,0.0753721187234765,0
0.7673196870071451,0.005029171224010087,0
0.7780995607710276,0.026951512257916393,0
0.822379480434395,0.031171619133352212,0
0.7110952313440746,0.051650571755775226,0
0.7563287793924924,0.013213750105509715,0
0.7691652952382639,0.09218420711324149,0
0.6251458969651797,-0.03754690287420398,0
0.6657644918052277,-0.008723171641991802,0
0.5899982221738456,-0.10659851542093521,0
0.70507560133662,-0.08161008982571763,0
0.7335350423734215,-0.12472228094056179,0
0.7002097551201484,-0.1493252283978288,0
0.7520791138421821,-0.11619906888556059,0
0.7623031300376099,-0.017340220259087727,0
0.626351115915351,-0.13481975583961625,0
0.6298544350605199,-0.07038939369397296,0
0.691047727542536,-0.11399968246468811,0
0.7906482441061107,-0.26275675142773697,0
0.7494068322039755,-0.12429820744664022,0
0.80465403414605,-0.1365294692642332,0
0.8794171775979132,-0.10630550385579622,0
0.7713755624687699,-0.05437992064848168,0
0.7257002055223163,-0.027569007511667333,0
0.7913554560462375,0.0041073104469177,0
0.7308703038302501,-0.07367180086608391,0
0.6894035363951702,-0.003606566300138919,0
0.7655757544436931,-0.07488318869929289,0
0.7744507839982889,0.0271450905508427,0
0.7779913837575094,0.03332917970127972,0
0.777058525688732,0.09757237983497752,0
0.6953092105472793,0.0681401672827061,0
0.6096952383653693,-0.034788327307073375,0
0.6533384155021228,-0.04270868597206871,0
0.5928871741893637,-0.07495288392200808,0
0.649911839725628,-0.054206118755440166,0
0.6655379529060159,-0.061477345352694605,0
0.7022849293653296,-0.05455449922717434,0
0.6355453911147874,-0.14380957212212375,0
0.6663459706344192,-0.24314588893821276,0
0.5774523945311807,-0.1778493839515215,0
0.6152873263420646,-0.2117528985226323,0
0.7020030318785021,-0.1391274880257698,0
0.712445566373005,-0.06969149622635522,0
0.7448237856369884,-0.10478405213200218,0
0.7536983170800504,-0.07448606551381388,0
0.7780639162555671,-0.15206898857094278,0
0.7836624612826889,-0.04941923031437932,0
0.7775299198417088,-0.0973464145967992,0
0.795849688827615,-0.10649702013784458,0
0.7913636058616443,-0.02725179751141016,0
0.7789196099342404,-0.11443126764796288,0
0.7864570875211533,-0.09912421829801184,0
0.7246551757546984,-0.022365407418267813,0
0.7325307012232491,-0.02515574168001007,0
0.6615826233628439,-0.027718883033215527,0
0.7230560419050438,0.0566043976406827,0
0.7345950614983141,0.07306185588633979,0
0.68519674821709,0.06977763858414433,0
0.7538835647147647,-0.02063633220093586,0
0.6771025656775022,-0.09969387132782852,0
0.6426329492884985,0.022758667267415475,0
0.6159110519404796,-0.019734078941513668,0
0.6803307791775057,-0.0029352303484862126,0
0.6500762100901577,-0.027361588843816825,0
0.6863943224496514,-0.02591132033831443,0
0.7099509175271886,-0.053139220288767955,0
0.7400610074051539,-0.05627893175455637,0
0.6636185540723202,-0.06651952605601347,0
0.6115773594599828,-0.08159895506084355,0
0.5935342575474062,-0.04095595635808648,0
0.6065373148540654,-0.0405808475580072,0
0.547336995139554,0.04304269667360616,0
0.5729127998314277,-0.04038785249793303,0
0.6309173037953634,-0.10650271385119083,0
0.6950398666582264,-0.01714584230925975,0
0.636329676667911,-0.08510092170221248,0
0.6534458278547463,-0.06431057888908545,0
0.6470526527187737,-0.06860544533878607,0
0.5494322344493303,-0.10016019805066581,0
0.5989196970688836,-0.11841356454940274,0
0.5560569694239426,-0.17456961533535356,0
0.5151670073695456,-0.15415682855316704,0
0.5628945802097198,-0.14471054643102257,0
0.6041424398895276,-0.18588620878917472,0
0.6982646639206055,-0.08273142435350607,0
0.6909412893366556,-0.17851863461686437,0
0.7404829399958351,-0.22917003953374881,0
0.7556084546372578,-0.1891199467963338,0
0.6482902492359468,-0.14093538850645865,0
0.7831634617730755,-0.17381377691658292,0
0.7521778222460525,-0.18169813334272292,0
0.7401764643786728,-0.1988942980068709,0
0.7430749477947778,-0.14616928378950406,0
0.7485934888500467,-0.1597318609853867,0
0.7518397689065585,-0.10284236130886992,0
0.7330221049260366,-0.1265318101290785,0
0.7069209259913267,-0.23294207265164618,0
0.7867602636039227,-0.14501007691244444,0
0.7687216219801863,-0.17144368902627516,0
0.6568545635595948,-0.1525511968424709,0
0.696410230002638,-0.22450711016808045,0
0.6152859465323902,-0.21197384647711842,0
0.6887107449715067,-0.1387970995579249,0
0.6086479598116006,-0.05613057227254299,0
0.6278083378927628,-0.07476620146817758,0
0.6691922934548236,-0.039846912292919964,0
0.6355211021464927,-0.08007145013774958,0
0.7142177190743785,-0.04414744322331928,0
0.6633328283302445,-0.03460758876647782,0
0.5940415166250108,-0.1638359996925879,0
0.6405276900076505,-0.07580260407442582,0
0.6791674056713649,-0.08695389146119642,0
0.5716267133456228,-0.12182740806093792,0
0.5481249351353434,-0.1060245041961404,0
0.5863846289467036,-0.1520492908212799,0
0.6124977500267141,-0.0685853504079547,0
0.5718892318269414,-0.083667288370144,0
0.5828422613996701,-0.042104549369300345,0
0.6049583751833807,-0.07928451115661739,0
0.47716964552869734,-0.11109934343251499,0
0.5064102126065118,-0.06097012323245922,0
0.4410470405447698,-0.11866257224899762,0
0.44992156939617783,0.01046830508545496,0
0.440476273192214,0.02066494983558747,0
0.5000647339880309,-0.04353194928367144,0
0.5197621666988032,-0.08678109560158731,0
0.6013369878533243,-0.04895139938593184,0
0.6058459590514524,0.03789902110530521,0
0.6085785869101197,-0.0836428192508828,0
0.5518852545440609,-0.09127537507193727,0
0.5469121819999405,-0.015379441450487155,0
0.6147914495887279,0.041228710483807565,0
0.6693423163636234,-0.0238712214985832,0
0.6586632596424349,0.010097853785071359,0
0.5897409026717305,-0.04131418027549986,0
0.5583592102618528,0.018667542047530593,0
0.589885061044954,0.03998022204766297,0
0.5678140226502244,0.1707317760714136,0
0.5706155279909891,0.11249399362215606,0
0.5641812265649393,0.13327318770602778,0
0.5556012122638475,0.07361386721978541,0
0.5490624371531145,0.12163251180443302,0
0.6141795344937855,-0.005744362233814582,0
0.7188963291937487,0.07257202301756144,0
0.5988960507322386,0.0128981122888559,0
0.626109381657489,0.0950512040907051,0
0.65692644177523,0.028774955168116803,0
0.5852867262996607,0.13884710758442503,0
0.5662426014098639,0.0068800462840099275,0
0.6891864514769319,0.0500135216674338,0
0.6842200105279387,0.08077136637198744,0
0.754554653228936,0.026791388099277197,0
0.6867652619855145,0.04353331304133973,0
0.6252756983770724,0.05477306111912464,0
0.5737651694546338,0.10182336637763992,0
0.6008589752020375,0.12763255725346567,0
0.7206467732979815,0.01750526914932936,0
0.6452661426305607,0.05950147109202579,0
0.6389314694858198,0.013005157695558343,0
0.6745813790641273,0.10482508480403194,0
0.6212307648343418,0.09447131638127781,0
0.5141227081034523,0.10609275353692062,0
0.5826200553926393,0.17801687974087527,0
0.5567920255241111,0.19664235591799417,0
0.5473771326581895,0.21388157653806483,0
0.5811797795265381,0.1723749747343383,0
0.6162496783651381,0.14635905383333053,0
0.6898681842163056,0.15313593210659784,0
0.6225267153358444,0.08523451064383,0
0.6719633964043359,0.21428087514497735,0
0.5559578850263843,0.19174481458966222,0
0.6390042672305398,0.216278164914672,0
0.5615049387481268,0.1840160710330231,0
0.5517165849482737,0.24924300175103165,0
0.5154086600895741,0.24160376210128567,0
0.5678990715120039,0.2255148613872995,0
0.5840572548832836,0.30412604940029575,0
0.6045169203730181,0.25702093636028533,0
0.5474875823398148,0.3303577304764115,0
0.5954711472904697,0.22041201510480862,0
0.6237320237253884,0.2876631803491013,0
0.6098450427805818,0.34446524940741596,0
0.6114640387267809,0.27769363222267407,0
0.6263645073195596,0.28617014934474216,0
0.6504087182623012,0.19310038949046365,0
0.5263257715584978,0.16247012571670344,0
0.6062510329137604,0.21182416660045028,0
0.5695570311412275,0.15110213397237765,0
0.6176104885831966,0.2031696246414252,0
0.5538501539090488,0.1835658978201738,0
0.5843698370532696,0.20053574969296278,0
0.5679980819396829,0.19318033385677372,0
0.6757126679275658,0.19828344556113206,0
0.5229204210022955,0.20971435654765186,0
0.6031950757128093,0.29990621587363225,0
0.5835343691935989,0.29702423290374247,0
0.5264309881479624,0.348569059412408,0
0.5655977883319911,0.35883066502963756,0
0.5850300743574063,0.3549358322334849,0
0.5884407137548386,0.3754420710907524,0
0.5905598793731838,0.3639567831383398,0
0.6161175143465506,0.33030670958642483,0
0.6204086897793619,0.37669150511510857,0
0.636178234172569,0.34324006058427037,0
0.6578436225803804,0.3984258854860704,0
0.6180324406786499,0.36930302193848796,0
0.5794376198804146,0.39340535538693583,0
0.611705121423241,0.4348813420976878,0
0.5975287046854355,0.41146629342759916,0
0.6067088674948735,0.36661601595398613,0
0.5869421509864218,0.3020997132199162,0
0.7024491355118523,0.23562785987545257,0
0.648820713454117,0.3384103514375597,0
0.7332173217269836,0.3117676944885943,0
0.6954008601479544,0.3295202478361958,0
0.6940258440885636,0.3449552174766878,0
0.6293183773316727,0.4781875825962042,0
0.6981633449662777,0.4113172567831521,0
0.6355345411114617,0.35181740219971513,0
0.6504830456714062,0.31835950736956675,0
0.7247849670611508,0.2722322119741203,0
0.662421297525425,0.2528741758569263,0
0.6201928878603414,0.13226874960701007,0
0.6025758815110596,0.21895216795022968,0
0.6429451680061918,0.22450629119233256,0
0.6767681786664048,0.2228853123829024,0
0.5896894089977166,0.2524150203341408,0
0.5428994865630327,0.20043640148027514,0
0.6061903589238338,0.1618092409334492,0
0.5838624477658574,0.11598046904202082,0
0.6028346016452759,0.1958636984049174,0
0.5475817326139394,0.21541771332548973,0
0.558082332831964,0.21606813669473315,0
0.519694650072777,0.21759364824150093,0
0.5585228610427534,0.1489127566263329,0
0.47709394460316146,0.11847522857935389,0
0.49186116765795973,0.06427513157799102,0
0.5117876164074752,0.07745858014709622,0
0.5326294264151871,0.08569341721217746,0
0.43724118602783424,0.051278083499328365,0
0.5277842988741684,0.005647807185629648,0
0.5310120433032679,-0.04690604746599957,0
0.5600318312079038,0.03437162704230708,0
0.5540745855178366,0.024656935530907847,0
0.6049589657007711,0.09980153577944632,0
0.5650237437989257,0.06157602638834774,0
0.4712261099748239,-0.014093496414976016,0
0.4775388376516162,-0.009121666208283918,0
0.5379946915121808,-0.05628697049712615,0
0.5403389390211836,-0.07981229790957936,0
0.5269405923012155,0.04267708672136482,0
0.5335967641173293,-0.012507480346782278,0
0.42674569787120264,0.014285246571524874,0
0.5435787618321424,0.07302265359956013,0
0.5786045904343398,0.0020688925125783575,0
0.4994857791890462,-0.009757479581401425,0
0.553400838970769,-0.0049230965482011165,0
0.49612470400480063,-0.010462743907159466,0
0.48770808864130005,0.08650830828685732,0
0.5354919570934662,0.09515718756406535,0
0.5342596831759052,0.07596141596573322,0
0.514247356145047,0.023257885835062816,0
0.5222711401435487,-0.08307066323539092,0
0.565598458734289,-0.035181378850910015,0
0.48029976887946085,-0.012547614727275513,0
0.5073485069191712,-0.06222504299940773,0
0.4683940573532155,-0.054859356223104665,0
0.500346277991195,-0.052470321611752184,0
0.6045804519225256,0.005072561970170551,0
0.46723652460932485,-0.062398992985983524,0
0.5189453630509188,-0.013668591568778782,0
0.5079784213953261,-0.023716114752126337,0
0.4599355389093333,0.024304439458181865,0
0.43636514221001726,-0.018643085564430624,0
0.5423162277382286,0.019251236644753304,0
0.5715454500654665,-0.010258204706256994,0
0.5721336657470886,-0.05650582181039866,0
0.5434246670225703,-0.05663408087483447,0
0.500510203687943,-0.04228281175208884,0
0.46597088087327904,-0.10175939017164404,0
0.6259502685134619,-0.0803564620533081,0
0.6538212083300992,0.005614917970482469,0
0.6342429973344004,-0.006800663984687504,0
0.5252454500747883,0.004831411939193678,0
0.5389234115904284,0.06363984351378817,0
0.5811735297916599,0.11363825192010091,0
0.5648558563504334,0.1216633475893,0
0.5054577226631223,0.040414293335416476,0
0.5507424423673524,0.07116489012938783,0
0.5334586720335708,0.048888417990205324,0
0.4954865769376707,0.10248862187715996,0
0.5800798563742144,0.09396938670848984,0
0.5406786663783392,0.02829401178067481,0
0.5819682957445098,0.06573045857169242,0
0.5128046843031103,0.07601965834350506,0
0.5640125935298409,0.11037108720151276,0
0.5808274161265179,0.12846662774516834,0
0.5191633041919128,0.15042190664972993,0
0.5982953263533453,0.10227094145618665,0
0.5697350010379314,0.11123819459709579,0
0.5847468657527697,0.11420170517795157,0
0.6678535557006278,0.12565050334604128,0
0.6054302033713951,0.16792756835616574,0
0.5848738799710905,0.11526639529173563,0
0.5388709462258467,0.07666669052732393,0
0.552058478634977,0.10534278806025582,0
0.5684727480793031,0.1439964773492817,0
0.5569177929031277,0.032071828923407195,0
0.5236133540501551,0.0737957171326809,0
0.5068920446174673,0.13727807191191002,0
0.5328222704992813,0.15645064136264253,0
0.5253516519421731,0.13559891723590337,0
0.592373851196779,0.19834835713324125,0
0.5608992306998397,0.12649277366290504,0
0.6542333094557634,0.1812279850084666,0
0.6754413783135123,0.2021294661191179,0
0.7706222797205455,0.1659044907128983,0
0.6943671478428889,0.05670261455962451,0
0.6228100859230182,0.11017362919259635,0
0.6011395227766089,0.031605006729557183,0
0.6514306666853606,0.03177446248718241,0
0.5735313003282344,0.0675426418378795,0
0.6799387630224829,0.05691129419241461,0
0.6794051786725485,0.06315722775115215,0
0.6455274134344079,0.14062995332174266,0
0.790059452105622,0.15365963874421035,0
0.6634470552086553,0.13815621548444249,0
0.6451375249128387,0.22595522550628525,0
0.6328786877214189,0.15785359491616371,0
0.6580639728596743,0.1577627967193038,0
0.6964621625050678,0.24054842007781213,0
0.6751337751975329,0.1572494196012117,0
0.6324055832603656,0.08044397063746861,0
0.707673515352379,0.20943860470246844,0
0.7426073173636146,0.17779046108656787,0
0.7930377363979555,0.28164100280377335,0
0.7970003175100859,0.20635992687972726,0
0.6661613351551896,0.24064142940354571,0
0.6494351994381388,0.24214931930235464,0
0.7152193906563105,0.23693325214899094,0
0.6242245417111565,0.1805429851632563,0
0.6048311975315006,0.23389134289316227,0
0.5361600276908152,0.1829578345788509,0
0.6253707816503977,0.06816501992288101,0
0.544444087354908,0.10153579854970796,0
0.557259786866829,0.20639001382700373,0
0.6240768426858475,0.2191366955105513,0
0.7166136900644993,0.13897600913881197,0
0.7964255900941517,0.20171517402768002,0
0.7891796139174425,0.1316151371196011,0
0.7413606169347381,0.10361163601265025,0
0.685468390517707,0.21565871106905432,0
0.6899010587810364,0.15121076225209132,0
0.7193081636136787,0.12658327060775224,0
0.6082898997593322,0.18190366400490665,0
0.6439306420770854,0.22502762193275155,0
0.6649551793996996,0.2538950421447385,0
0.736672661000057,0.1458761878103503,0
0.758580870940285,0.09841911184951828,0
0.6698340354348661,0.10064004761088634,0
0.5721099755169107,0.013633462092388623,0
0.5980866099823199,0.11935289472738418,0
0.6776272803693673,0.12400309683335556,0
0.6963748867995987,0.16119077487402417,0
0.7667183563484808,0.2740539067704581,0
0.7455889556597899,0.2608393805019979,0
0.7687507553577015,0.14686129515344165,0
0.7154526583393427,0.09420462131954624,0
0.6434726644446938,0.136919590391394,0
0.6624378919706888,0.10208754659485464,0
0.6414016065204875,-0.05158588526214755,0
0.6346194278414438,-0.03493246406480602,0
0.5975125082837368,-0.0002398475704257358,0
0.6696798822622629,-0.048562183827516044,0
0.7600237604867328,0.001675393831143443,0
0.6905153378056704,-0.00834971718796642,0
0.6563394428497665,-0.013860193659318381,0
0.5899223058186766,-0.004474863521029148,0
0.6099598540319705,-0.05986595580708571,0
0.6611224802050005,-0.056515946043774586,0
0.5835773739957556,-0.10787813599095515,0
0.6344189128469494,-0.1450425753876138,0
0.7157947542882745,-0.07246705863737375,0
0.6746733013364505,-0.14236958878245967,0
0.5580547659584454,-0.08360775260332542,0
0.559537530280348,-0.11809338353461749,0
0.6647603988281235,-0.18474737852523127,0
0.6646701009552072,-0.14235791347677113,0
0.692253887111114,-0.12077127988417759,0
0.5740414596006415,-0.23546923234541023,0
0.6762495130312554,-0.17096002247977068,0
0.7164969058734608,-0.17230454235060502,0
0.691935969325197,-0.17182804237114002,0
0.6854329397789962,-0.10992258729476058,0
0.6639705917110176,-0.23963452719257733,0
0.6724263690141132,-0.19918135612232418,0
0.6868432847257708,-0.14860176095459884,0
0.760853448847594,-0.2453512907287689,0
0.6846905576942394,-0.3069513741207017,0
0.6551627710765076,-0.19925488562871743,0
0.6864059947413843,-0.18603247779636387,0
0.5980171948549605,-0.1906581507167856,0
0.6149690802614646,-0.1961095632843592,0
0.6439222963630455,-0.2141520767810807,0
0.5932869289296531,-0.2236198345510462,0
0.6192823823333427,-0.2522420823210431,0
0.6846392929143055,-0.3195364876546295,0
0.6341933130506135,-0.3331128835465347,0
0.4910863918766464,-0.2766763141921629,0
0.5012681004047571,-0.23718538976602938,0
0.5888334799388139,-0.28238527049422624,0
0.6675351667804335,-0.29672159241195595,0
0.6619538723920797,-0.2741938313459914,0
0.648326849523387,-0.27127955301319023,0
0.7635413836896883,-0.157379207919305,0
0.6640027352833194,-0.17237957501956794,0
0.6327232736669647,-0.20275886558292205,0
0.5840868467018592,-0.2358572802538046,0
0.6613310497189046,-0.2243698148159869,0
0.6015851068664839,-0.2504655508469666,0
0.6973580895310343,-0.22798746012805282,0
0.5736886248189703,-0.2935520157155478,0
0.623328721784758,-0.17739160693184416,0
0.5363077635909305,-0.3349797246276669,0
0.5815757950886739,-0.20883124082836937,0
0.5672290039440089,-0.23241091859765328,0
0.6115843277610723,-0.2775492847492255,0
0.5898598376996571,-0.23556072044055806,0
0.5376892840454177,-0.2504304959148722,0
0.5405052039955796,-0.2722681588089313,0
0.5668490113818255,-0.25493506079811484,0
0.5637955923060954,-0.23419623611971563,0
0.5010928123237351,-0.14724004666824278,0
0.4966165262531459,-0.18323048282493584,0
0.6271604014143528,-0.10076165032677784,0
0.5849916108484786,0.00862557050713024,0
0.5606589975319681,-0.009914607414320611,0
0.5930496936080775,0.023324136145045173,0
0.528390173693229,-0.012702323971137193,0
0.5917013786235903,-0.01292068204396705,0
0.5797270003735453,0.0365057870992373,0
0.6919060507530639,0.033654931838271826,0
0.5829911659250562,-0.026700276007807534,0
0.5471731850368678,0.0069252880141364576,0
0.5514749771765035,0.012620612326188286,0
0.6069717780074997,-0.03912692848352039,0
0.6929175474420031,-0.10503348069607907,0
0.6849205838733584,-0.12337622353034389,0
0.6799915474309668,-0.023735326974735543,0
0.5658625989331793,-0.02748715167344439,0
0.6815378796627014,-0.07037895327320512,0
0.6066696864237152,-0.041215351640582536,0
0.6355476624523687,0.05869691294944867,0
0.5986472076598486,0.07474501183668207,0
0.6284446831167592,0.011159130476990853,0
0.5588934722070177,-0.04302091339519853,0
0.6267217410074699,0.00801785969969697,0
0.7112989220186974,-0.03403603610575227,0
0.6854016119238743,-0.022534654307791967,0
0.7410204927519174,0.022565108001910375,0
0.8036832169689498,-0.020312934658030225,0
0.7279293073743321,-0.1506976901919986,0
0.7311343167065345,-0.03691912447838047,0
0.7199677274202039,-0.011669363738214658,0
0.6665817400399129,-0.09578638458870646,0
0.6074999289178296,-0.18107838950411315,0
0.6735208196974117,-0.05578539215316641,0
0.6453825309768715,-0.17379141331523446,0
0.6516160767489118,-0.16752623595271704,0
0.6525334464299798,-0.14560520037502755,0
0.7212874747900936,-0.14843090380976615,0
0.7204872497380734,-0.16021987098120885,0
0.6344280864792806,-0.10885925452722313,0
0.5895778392577439,-0.08774717738595625,0
0.6814798746184499,-0.11788255957469161,0
0.6688610185845224,-0.08275640997546982,0
0.6765212001498475,-0.052014981793988176,0
0.5929559618255049,-0.12871650237043208,0
0.4718500778986826,-0.05600561478070898,0
0.5172027210348171,-0.08507115567487385,0
0.5087087833176632,-0.05856948912691978,0
0.5498317023134528,-0.014768431925666889,0
0.46746966455925226,-0.03812550581793247,0
0.4854759737864224,0.018646303486105166,0
0.514465774600967,0.023719803137084213,0
0.5226491173983104,0.09051114266371227,0
0.4624562527427901,0.020444303580221146,0
0.5355895228758877,0.027178197909379892,0
0.4677298879337705,0.02916755833985829,0
0.50053265720575,0.0028098025319776773,0
0.42363551063271354,0.06808792319491735,0
0.5524726375256375,-0.024214128840930105,0
0.5733913896614267,-0.02283312075136998,0
0.4516165659876139,-0.12228639928137368,0
0.40994153711728387,-0.10219765531917308,0
0.4044902584076865,-0.08197307981130303,0
0.45347499892491927,-0.061886851081551064,0
0.4753763506700094,-0.10279499684372301,0
0.5879602246086785,-0.06548054429353188,0
0.4903416358840751,-0.042868233587560735,0
0.46000508142980295,-0.10952084148457739,0
0.5586222299688752,-0.043587118629899335,0
0.5177967715800195,-0.012885300751182983,0
0.5145948506588938,0.007054427041297873,0
0.4747937188106018,-0.09155641591177315,0
0.44125611968928935,-0.03909256088708648,0
0.51384393432546,-0.013261828350897412,0
0.5504829237425524,-0.05425017322124964,0
0.5241476617226399,-0.03530974922445422,0
0.47942589737930164,-0.04517205933726944,0
0.5614957044490778,-0.011730289364794547,0
0.5097577303032265,0.009549749513471963,0
0.4689373319821842,-0.026180991799204988,0
0.6318876534034864,-0.008230671101115212,0
0.569123420640504,0.06260084424306878,0
0.48491534314416396,-0.023279948062083375,0
0.487532693577167,-0.02003954896959121,0
0.4971135398273169,-0.038443707094896806,0
0.4794001335665244,-0.04780264947010226,0
0.33193829860317114,-0.12674841941697407,0
0.4070399075828529,-0.04979651443300018,0
0.4226917818286786,-0.06561339245491887,0
0.430054590587549,-0.11791302535366507,0
0.33936911505368683,-0.09455191116074582,0
0.39044944429801953,-0.038717202914455066,0
0.4240273068193703,-0.02481554911755773,0
0.39946863134164134,-0.03525709043592673,0
0.3397660696864015,0.011499495367931142,0
0.39011711652720377,-0.04142242757981591,0
0.46061702152083206,-0.04631551558822786,0
0.4586618078887965,0.033209991986864904,0
0.4469130686223248,0.020860891525652007,0
0.5459607030990719,0.03909085322676811,0
0.5231919428824054,0.06894434426714811,0
0.46719484915151155,0.06262712197693163,0
0.4553641087005983,0.1113484286987049,0
0.5050625693437227,0.06896612381320885,0
0.4186694013598578,0.15821059976622265,0
0.4542552769830014,0.10610332475828677,0
0.4652252930863751,-0.02156230982967297,0
0.4501144151452388,-0.017991775002527844,0
0.5671249479640618,-0.03203604563076937,0
0.46180925118179583,-0.03337806419468761,0
0.3577686249472902,-0.023151199812149532,0
0.3144667421593968,-0.016277901388136687,0
0.2848013256645928,0.014163053194655793,0
0.3378650841211892,-0.015749806970002313,0
0.27969800154136615,0.03963516118584895,0
0.24754627194407058,0.07279123070642454,0
0.26141882044207726,-0.04884958142916565,0
0.4000919008757452,-0.0731893452723089,0
0.405038316171694,-0.013993027216476078,0
0.3664332884116589,0.024457130151921552,0
0.36359288021231445,-0.03385071632089566,0
0.3056537582546604,-0.04052263344486337,0
0.4132567880207848,0.008144220419210223,0
0.4777005786755521,-0.059908671090621195,0
0.42680496550052477,-0.07619435803939936,0
0.44156859130036763,-0.04471886813084557,0
0.35047753788921104,0.026381407243008588,0
0.3668055794454579,0.06086121557123511,0
0.3944480083219374,0.09527019361843547,0
0.4055807464513927,0.18995814155112872,0
0.407800146182489,0.16032026568115743,0
0.3560785277573618,0.1287322075375392,0
0.4479731467369331,0.06486579095820653,0
0.42951982615744005,0.05220479136304347,0
0.39885399232888297,0.09870160144684464,0
0.2920226042538171,0.10681440089381744,0
0.4024405337813679,0.11939214916356647,0
0.38280304249339414,0.18690924747306537,0
0.30447551724931016,0.25513375515894365,0
0.4117640482206098,0.16713173273330706,0
0.37615416612559655,0.24904692219822433,0
0.4004131060418422,0.2172965319105969,0
0.3897015048945917,0.17636776204548146,0
0.3713212407366337,0.22494474876462614,0
0.45295373499506264,0.14782729669099653,0
0.42412379038583736,0.15956073857211306,0
0.4472533387673565,0.10684866142851882,0
0.5166082762837798,0.13545682937962475,0
0.5511416843820975,0.14463570341468582,0
0.6323287950719693,0.12978226148835026,0
0.5467249757969501,0.2139590651267357,0
0.5377988742412215,0.14213706834770926,0
0.6423773293697549,0.11465649316249671,0
0.6616428532604148,0.10696147245126064,0
0.6309394708212264,0.11662002288583347,0
0.602452418171645,0.06425732387269309,0
0.6170089710486671,0.005466588998750993,0
0.5892262729043832,-0.012363143207509437,0
0.5942152132401892,0.0036047470459171574,0
0.5623677531327171,-0.010798356549103856,0
0.5131508001196226,-0.015506090816563876,0
0.5834709082155598,-0.0022228951867207317,0
0.49794352712937645,-0.004022377099046805,0
0.4696419203888625,0.019926532802119767,0
0.48623336308743914,0.06177728042206965,0
0.5263253879074953,0.030741291311580515,0
0.6093199315359898,0.04518264994251453,0
0.5614255514446923,0.06065422798257647,0
0.5704056572654271,0.09798089091012885,0
0.5505959284247055,0.04378878553288501,0
0.574460581256313,0.05013908703675775,0
0.5787681839480875,-0.008108926034069854,0
0.5942319603172701,0.07343900865791134,0
0.541733842916271,0.03631509881845057,0
0.6196013164074949,0.07350277575941695,0
0.5837924865854368,0.11068621654375774,0
0.543846244224287,-0.01371537357768117,0
0.5765691099589407,0.07358692787008339,0
0.6038025604708754,0.05770899278379995,0
0.5474488234841361,0.03275838264893987,0
0.5939301482263375,0.009889123618689363,0
0.552774144477791,-0.011714684354817859,0
0.5329271466386738,-0.02886711308877282,0
0.5020796517546774,0.0008360448564685048,0
0.4812885650095175,0.0036393624098199225,0
0.48808352310289616,-0.04895344479191007,0
0.5504857990419189,-0.02070833854164344,0
0.5563934313691935,-0.06224660268608985,0
0.6131360536510526,-0.11581423675969893,0
0.616028655582259,0.016602108718913572,0
0.6883326870343413,-0.05792436304885601,0
0.5940597208010598,-0.10036785450640792,0
0.6582351953908471,-0.10414577150580372,0
0.592516353259182,-0.0413076208987076,0
0.5907771921841396,-0.09326046879190025,0
0.5478491334370194,-0.06522314514572201,0
0.5168541561584452,-0.03426943707482734,0
0.5613144588777259,-0.02388129389670773,0
0.614694524502037,0.02572891717814192,0
0.5872067539354284,-0.0517926812028965,0
0.5144921580448754,-0.03353266006567069,0
0.4962131540280849,0.08774093638246827,0
0.47803354371457696,-0.030215531737098386,0
0.5107049373840175,0.0850056520608899,0
0.3959258614799679,-0.04021908255557834,0
0.4196578319948952,-0.05965890439247547,0
0.44329967331186854,-0.024467413499076093,0
0.518868021086323,0.08208735171319714,0
0.6004159019072158,0.04761217412078835,0
0.4826007641144812,0.12358717102495403,0
0.6340809704267536,-0.03188046761506946,0
0.6311120844654026,-0.030576738483964458,0
0.5599583883788253,0.03258015530531651,0
0.6080067517616468,-0.04532859867977568,0
0.6215615373705041,0.040142118777444474,0
0.5992434648199703,-0.00450278726806163,0
0.5419698317205792,0.009624941448279736,0
0.49590192292794727,0.0035316866594886096,0
0.5074895637472704,0.007065978334313826,0
0.37514838907822384,-0.1198296616574645,0
0.41536424220847057,-0.02218288895581691,0
0.38046993135466434,-0.003981129800645758,0
0.3890263842059336,-0.06225444491319274,0
0.39595484285561766,-0.058292224261892144,0
0.4375746450415646,-0.1381673670432107,0
0.4804783759646438,-0.14315215047802582,0
0.49526577799302257,-0.048410297911270245,0
0.4322270205632573,-0.0620879801269153,0
0.46708170892268336,-0.11566714927221951,0
0.4686099317027151,-0.037521624221974234,0
0.47092642149438096,-0.07473725973312845,0
0.49674150768551073,-0.0013550588604732405,0
0.484218688682272,0.04082838044246974,0
0.41001545640469217,0.08088562414343453,0
0.5247154199172043,0.12101261242342451,0
0.46342814917629754,0.007174079593836091,0
0.49708606788396215,0.11567076317130905,0
0.5065167273132655,0.007382223759629006,0
0.5398237869426806,0.0030178078180582244,0
0.5009790917047675,-0.028457780182292676,0
0.5924757859150975,-0.08560993398669822,0
0.6289851096938506,0.004830106304581694,0
0.5590507316418033,0.05533566315331085,0
0.5364268842067432,-0.03378299572593565,0
0.5528972015391929,0.07700912308977295,0
0.5441350400611356,0.029546273804723647,0
0.5738303616145284,0.1140158791417363,0
0.6957891720019644,0.15849407091295944,0
0.6773554465915925,0.0773661413959215,0
0.6156543005171878,0.08647516876975736,0
0.5519801804748726,0.16704280492809653,0
0.5650911273200047,0.03726419043262735,0
0.6280791073290962,0.026313116350053595,0
0.6639118024796764,0.051593673423835106,0
0.5031266208630425,0.0775681151604012,0
0.46539350012620057,0.0608593077822498,0
0.5131630772520906,0.0324580712124392,0
0.5105015311542884,0.030072654118538933,0
0.5349893641397057,-0.061074402534313205,0
0.5781612213738967,0.018710199234501276,0
0.5593249232770159,-0.04406521471030288,0
0.44588488579236474,-0.007081358194074953,0
0.48878846690122923,-0.05550467678293252,0
0.5661490865551594,0.039572693776826894,0
0.528800030514065,-0.022982082960906765,0
0.5719417945620086,-0.11892784660644856,0
0.563190833321088,-0.03800746312603723,0
0.4747065204202269,-0.044446310445740767,0
0.5372977210738475,-0.03059154559772434,0
0.533415604447232,0.03307697976527514,0
0.5394873125887616,-0.017024799682233575,0
0.47011432453346624,-0.004571067670827539,0
0.5031098395296107,-0.09013358766534058,0
0.4551880270489778,0.02341271317775999,0
0.5334049581386796,-0.014357307101146605,0
0.5515657709041459,0.035471809548328466,0
0.5589947965218742,0.04799831542078032,0
0.6394708978301465,0.06980048515137566,0
0.5464967972377658,0.08431301474699313,0
0.5481410476362771,0.011070992483894551,0
0.5520973267718077,0.09238537150315777,0
0.4941555926582008,0.05567992911449859,0
0.5806226521541297,0.03274495952140378,0
0.5561263332160556,-0.006163348791363245,0
0.5144561744529879,0.04123604996488786,0
0.5800109111146531,0.054957288287186816,0
0.5839605133764655,0.009318235607001069,0
0.5251410322471048,0.0019846255646534545,0
0.45266047738408965,0.06706620884547544,0
0.43596141716253484,0.044111072614678074,0
0.4673932291981843,-0.01318134731735228,0
0.43642369991379226,-0.0931617242799118,0
0.48477301254634453,-0.03097993854966257,0
0.5230245442652168,-0.05327976171433442,0
0.550465106784104,-0.0034241173481263376,0
0.48881844161668897,-0.019017592379413473,0
0.5128278126520179,-0.03299997559986982,0
0.41001981339776183,0.03047334956271522,0
0.4558612735453346,-0.024453329514816352,0
0.4946609359200241,-0.12212029496431974,0
0.38033758504114834,-0.02911436014737566,0
0.4082936179954122,-0.10625054646416986,0
0.41159607653489527,-0.085101584903948,0
0.3831604749346851,-0.21520580969346959,0
0.3958104021854406,-0.15591660952982955,0
0.36881099616897317,-0.2713366863601463,0
0.3333790052852703,-0.21265739834539932,0
0.41412708319674246,-0.14296193504239685,0
0.32902122084777496,-0.1329721749896214,0
0.2737362804143437,-0.18187711374100102,0
0.30708653615845916,-0.14515164052988766,0
0.32234536233164723,-0.26564937962333557,0
0.38782114218584374,-0.23121842001753573,0
0.2955129755827352,-0.24986464103282932,0
0.2845324538570652,-0.3090479662918305,0
0.3421387409727179,-0.24393639991614527,0
0.35540224496270106,-0.21986953470842913,0
0.22599671728296933,-0.21694035262707478,0
0.34799333098673735,-0.1918503393120902,0
0.30392606233066516,-0.19590826337053202,0
0.30506255898947515,-0.1836789888007385,0
0.3962646476830577,-0.16923302888243502,0
0.3276956106093222,-0.10956694108846167,0
0.4222739517094511,-0.05170652480353048,0
0.4387783160356669,-0.12999821788580318,0
0.3298823650200488,-0.10584410891891746,0
0.23150904897032326,-0.04810172377893787,0
0.4054486497439519,-0.21320419191688206,0
0.3566157130425689,-0.09224446522339338,0
0.407168425253981,-0.1239763825577703,0
0.3297752401945806,-0.2023406085419835,0
0.32346700178092375,-0.22427658271238304,0
0.35560468069029694,-0.1792917648982053,0
0.2904001333720864,-0.16177689720457383,0
0.20115023746684946,-0.19017563536938697,0
0.2900929885921804,-0.18847877690208792,0
0.19368394059040472,-0.23089798748953247,0
0.19184277685872572,-0.2666205306674384,0
0.2483430779571346,-0.20791694502742025,0
0.2737622801482092,-0.22359690604522198,0
0.17181266811558452,-0.10990122233470026,0
0.22245765202394413,-0.18112990408177598,0
0.31304707318002734,-0.21168776556649477,0
0.3468972578949043,-0.1976095503163054,0
0.3868282927027657,-0.186287006730219,0
0.38798185222726983,-0.12776521991557532,0
0.3810235916119832,-0.05187316252948232,0
0.3381472194026728,-0.04292154237742222,0
0.307996889126777,0.001651675048680197,0
0.28096691722252487,-0.1281552620204963,0
0.30260720746367503,-0.12901265685250884,0
0.3229061982508307,-0.11258157229752475,0
0.3942897766414708,-0.021016389411886133,0
0.2844589958580531,-0.0373277708581232,0
0.37936337357150285,-0.029892083068072,0
0.3948938978460214,-0.08042980187035106,0
0.36810511385415484,-0.09661569215670873,0
0.35116392973334526,-0.0630962693876109,0
0.3730195165203062,-0.12686694303860835,0
0.35593127899299815,-0.02915146030571658,0
0.3475768158389218,-0.00820326924937187,0
0.3948220873121427,-0.09541319598891929,0
0.39298551184540464,-0.08182938837360505,0
0.4309469624769497,-0.08690467427501557,0
0.3388313928301549,-0.11241420104569137,0
0.3291349053441765,-0.04762264371915104,0
0.3532449495091033,0.010114818118108292,0
0.29046957667528905,-0.07272010565732023,0
0.3471136213219257,-0.022988500908748606,0
0.37193865731492154,0.045884624130306965,0
0.3380389281378538,0.03829161504877831,0
0.3462253302857381,0.03678249111543503,0
0.31610769744685846,0.003358894789319375,0
0.36707174145329213,0.009349162822490917,0
0.38489100640793866,-0.01363020242475525,0
0.3006089894702572,-0.058390272263854875,0
0.27554676637303505,0.04388287425734805,0
0.3021207649351481,0.08670037829569699,0
0.31208620466684667,0.03617701531130141,0
0.21860322157751066,0.016643155096705088,0
0.39282253608547824,0.03648351737011493,0
0.3381854737849477,-0.0229602092195682,0
0.34221026507080987,-0.017919321043019392,0
0.353090892218834,-0.057721669276669205,0
0.384352765175191,-0.13417252414121839,0
0.4748233863948796,-0.15072665046709283,0
0.42696215937603965,-0.07412465898483904,0
0.4675297968427514,-0.164578027214524,0
0.4824911823062947,-0.1788826906272832,0
0.35259161187955246,-0.1294771763445295,0
0.347144031742507,-0.1791907320292485,0
0.4271266731366309,-0.13302518157332374,0
0.31334229897346455,-0.07509993621191288,0
0.42894467100147904,-0.05966814576253622,0
0.37608598907695895,-0.1844524046811764,0
0.2668000760271085,-0.10237288090912935,0
0.36061353863301115,-0.14444000739264534,0
0.4410353916163447,-0.11130442019657613,0
0.3797630918840036,-0.00765231204132899,0
0.3763550971519287,-0.15214646027656256,0
0.35086963487477496,-0.08960265128484271,0
0.4009252705288494,-0.18106630301833,0
0.27333135471469433,-0.22107000517149758,0
0.31338501175317507,-0.15470722409564583,0
0.30415292488588397,-0.147000942635838,0
0.22506526085931336,-0.18037352616330582,0
0.26152288875578317,-0.16834554661819434,0
0.22862345131161116,-0.1554631403592597,0
0.13425674052240777,-0.11018044699457319,0
0.14384913466675875,-0.11408098183567789,0
0.1284328566218159,-0.18025086487049496,0
0.17020362929750582,-0.20634038049471212,0
0.11785477488593624,-0.14073152471883849,0
0.20956916884040933,-0.2276322084203728,0
0.12771686810717758,-0.14042937189430035,0
0.12161565341477235,-0.19847423251688703,0
0.0598462637011741,-0.14873116174413753,0
0.05752862769473245,-0.18592649076915332,0
0.10062038038031113,-0.14603516436983072,0
0.11312917557561934,-0.11335380667672096,0
0.013078401192759104,-0.07833718760770525,0
0.019273074117250787,-0.05555929036220184,0
0.12905354696790414,-0.1184651642101984,0
0.11080798880793492,-0.11415970313800844,0
0.1627128749700847,-0.07125810587201874,0
0.11474774469361962,-0.02170437207417507,0
0.03453816514784648,-0.0900415353244202,0
-0.009408810781997956,-0.03819415478684225,0
0.015588616082117705,-0.008779359931231537,0
0.08751904664759591,-0.10566136644426823,0
0.008251397109744513,-0.12045054274684705,0
0.0738856291681842,-0.1691796647778923,0
0.12883295304724135,-0.12155140414548754,0
0.12038581939884631,-0.12353273331891855,0
0.1999551293153453,-0.14002665025115593,0
0.255510098071725,-0.16616010845138837,0
0.19853207326936767,-0.21997349921856293,0
0.23903896688818493,-0.23088578734768753,0
0.2592050413705453,-0.21050776591034548,0
0.2986247701248866,-0.08335456196390001,0
0.24876003056714271,-0.23362099532487063,0
0.20269372267390928,-0.15762130588358067,0
0.2068947487278735,-0.14530318269222214,0
0.27826159082677926,-0.06440278657319379,0
0.24687948452238012,-0.08416464497263054,0
0.2675080057627526,-0.07060180773011296,0
0.3135595363991382,-0.11258339142131712,0
0.30422694887470386,-0.16099325410376547,0
0.24039441593551475,-0.07643544013645025,0
0.2834950937118215,-0.021751582364860356,0
0.2637561939369321,-0.07814230419735943,0
0.21678352009371246,-0.12101308586679044,0
0.24050821031113387,-0.14916077608006312,0
0.28843971328057655,-0.257143402541808,0
0.1930940483846268,-0.13695733820074923,0
0.17307979871933057,-0.09265721541611793,0
0.2547696269145049,-0.062052735976502287,0
0.23088217344247472,-0.09252052379891143,0
0.16457204688769766,-0.13241944008359421,0
0.19107243238227828,-0.029886162175107214,0
0.2275921386399649,-0.07342820192438368,0
0.39903189317763854,-0.13556655742714696,0
0.22495250364249347,-0.11943254345530095,0
0.26840569752172677,-0.10518212983045541,0
0.2622989174901471,-0.04809879114467659,0
0.25748146609538985,-0.1470335964266823,0
0.18764755301464242,-0.13832476993286313,0
0.16386448285573144,-0.151596563085721,0
0.09265850437856894,-0.08872509697123675,0
0.10488521519968869,-0.02400776459749801,0
0.07615021606070628,-0.06060480648765795,0
0.11592153464793183,-0.03091007826190123,0
0.16026620832634386,-0.05721420400443296,0
0.21488791770937454,-0.05296539356347277,0
0.19561733263731212,-0.07125764059205085,0
0.13230092785592434,-0.18337405339516638,0
0.19519207000276795,-0.09664490521982076,0
0.13715560526957518,-0.053030188430350456,0
0.11015455164459645,-0.11323000532521058,0
0.05961906689069105,-0.20269317409986962,0
0.0697258971477272,-0.1391891658412154,0
0.14838650741168802,-0.056994314399796256,0
0.15651588250678253,-0.01077211352453964,0
0.13237707528470904,-0.07438456196148902,0
0.05458107865944331,-0.07040504737681226,0
0.07827085814887376,-0.049546524573180824,0
-0.0031201187976423322,-0.059148077401837,0
0.05564601720645357,-0.07963294588350861,0
0.02978250058712918,-0.07831561965449156,0
0.057429124312294105,-0.10724101307435888,0
0.12531758324078707,-0.12693221734371,0
0.061976420315173794,-0.07539635768749897,0
0.12256469060061168,-0.07526604484358593,0
0.15129536691431977,-0.09452044323604397,0
0.08645147629491225,-0.10566606603061293,0
0.11208423250844332,-0.11513224357368088,0
0.135095814425367,-0.09104425261220173,0
0.13801290783172104,-0.007187163839349392,0
0.21435510693402887,-0.0587686358996669,0
0.28778964890167347,-0.08652454145065085,0
0.12011349914115879,-0.0840475573040923,0
0.1826468967022365,-0.15256791737592992,0
0.24006708840785357,-0.06555428085244655,0
0.24469815825532154,-0.10437135163657053,0
0.2570227659184791,-0.01720502137886365,0
0.13477624361863697,-0.12125535263752725,0
0.18978055040997932,-0.10373310947010904,0
0.15700622830366365,-0.10771145346480014,0
0.14588327918347585,-0.05448350655086539,0
0.13649053807499312,-0.10537579358387783,0
0.19058651353960512,-0.12259820453237075,0
0.18352361741041115,-0.08242836652506977,0
0.2252424350332761,-0.13910089100875633,0
0.25859573226243093,-0.05080401741408257,0
0.1945796324336913,-0.1325112957572172,0
0.256930284999409,-0.1611791327650741,0
0.21114282967912124,-0.2514836342721162,0
0.1553874611741467,-0.162475141649332,0
0.1421525166523705,-0.2596973114883599,0
0.16822344157977062,-0.17679600257811007,0
0.11020437811804713,-0.19705477148432973,0
0.2041549459737863,-0.17843987155988364,0
0.1515442747018556,-0.20304033921627113,0
0.24989058676331777,-0.20960764061820317,0
0.25489603715942044,-0.2158800971558351,0
0.298281772744964,-0.12816717888969997,0
0.19853366743393225,-0.12851804994427546,0
0.14607973366106927,-0.06299548700655673,0
0.17462140457903125,-0.16415796153659365,0
0.14885072284001294,-0.2019144405074312,0
0.173576826771778,-0.19231816150655662,0
0.18032716664045753,-0.19290384219954973,0
0.16535698775898355,-0.2357665619132744,0
0.10867245053376082,-0.2708780073901922,0
0.12411125775208945,-0.20713366685024392,0
0.14923010822283161,-0.14974708210886287,0
0.06013630520370797,-0.23118939444515635,0
0.13955444093945013,-0.20083213161796049,0
0.1329413692249828,-0.0922011704413931,0
0.12194251738664348,-0.03298931766478015,0
0.22528234119385987,-0.05375895758682579,0
0.2105002578629259,-0.03936946810351623,0
0.20157390958452412,-0.10781178628893213,0
0.16690864433678557,-0.1253235171013009,0
0.23990319449865066,-0.12470051412859748,0
0.2333652440943919,-0.022058160317230693,0
0.15614192772822433,-0.12461038725698298,0
0.1845537625089795,-0.10299359515724262,0
0.21141858511198128,-0.10209398693182574,0
0.24402076121159363,-0.09221678337055386,0
0.16823093891272925,-0.08384308542740902,0
0.25041659830722857,-0.012068994080298615,0
0.300890063478067,-0.095618753117738,0
0.21142127470691058,-0.0840675110936413,0
0.2408314811998327,-0.09655903863891428,0
0.21717534840099478,-0.15172907266223815,0
0.163513038396635,-0.2219166085226613,0
0.1523625743288229,-0.10509083224226103,0
0.1681913335921996,-0.19808226684106067,0
0.22123357927363824,-0.1378939124310439,0
0.19848640797082315,-0.16341083073243054,0
0.1737068822170269,-0.16526607999692397,0
0.1054178765554248,-0.16842852599849994,0
0.1432497314564176,-0.30859732110172833,0
0.16354545091409112,-0.36752556270397124,0
0.19714656744652168,-0.4072875793709849,0
0.12683417726766422,-0.34462410566571267,0
0.22308611436385173,-0.4497245222566736,0
0.24100980316598586,-0.45790855414451764,0
0.2779924087731331,-0.4529543641844061,0
0.2647271338153203,-0.428169370361003,0
0.24566104880157566,-0.43048508398114926,0
0.12708568479637575,-0.3191431567455521,0
0.12318615791145533,-0.2638797090323574,0
0.17352319708554687,-0.3721993333077622,0
0.1695361974807931,-0.3773023488054762,0
0.18845399883238806,-0.3657094620845723,0
0.12333899112782006,-0.3098102352290311,0
0.12341819870849174,-0.36918000116463334,0
0.0512481222874272,-0.3434070476842528,0
0.06023144877517855,-0.3708060155944137,0
0.06803560373378167,-0.2636447047745812,0
0.059618139187639904,-0.3865258849998783,0
0.028628415068375157,-0.4114015879373085,0
0.034748094325691536,-0.37940858855391246,0
0.1301350951943348,-0.3186097644904744,0
0.11830818113866051,-0.39016407060402525,0
0.16494611634613118,-0.4231525630131979,0
0.1853356949559163,-0.4543141040786485,0
0.2853640121224149,-0.31818811174205297,0
0.24276540908862015,-0.31931451873272193,0
0.26360453617103563,-0.26827759608887514,0
0.2393641913058506,-0.29817856824337247,0
0.19584404073728295,-0.26913772101963734,0
0.2866240671449328,-0.19803290938255613,0
0.23498099978941883,-0.20331907496781929,0
0.2968819163923977,-0.1700918044539509,0
0.315796457324736,-0.27195414648427907,0
0.3450684240214884,-0.2707716467094826,0
0.3476907470133409,-0.2538612068768367,0
0.4172024018300275,-0.2976617783502831,0
0.3499785523217036,-0.3129413008341537,0
0.3567111099570422,-0.2569796274541358,0
0.3787316015120925,-0.19891122096388084,0
0.25574316694289356,-0.20935142108771462,0
0.2606482130504984,-0.25807930778186666,0
0.22883260982698714,-0.2408859315126768,0
0.20351505356003136,-0.23971989182495904,0
0.21151801269610487,-0.23404898315738212,0
0.20108327524255795,-0.32191623014875426,0
0.13388859746113851,-0.30473965436739797,0
0.1639745730336472,-0.3858052470895619,0
0.24246334493611008,-0.3063886499493233,0
0.1342720565574192,-0.39035513167870906,0
0.19590730199571907,-0.38790185499044916,0
0.1736430089216738,-0.3115591911228587,0
0.2099515389442526,-0.3713618565117742,0
0.18135576050834437,-0.4469569557567358,0
0.273785246253874,-0.38777037018025207,0
0.24065191065431218,-0.3967868553850682,0
0.28028848121859423,-0.30875330151169594,0
0.2342574470067094,-0.40221168061687973,0
0.19420088889412176,-0.3467692673919408,0
0.23963781793372824,-0.3384786167909864,0
0.14854223401147534,-0.2654905574618398,0
0.18206825932870682,-0.28838871027026886,0
0.2628309559152595,-0.2496826995837181,0
0.18192289506289216,-0.2244558359667757,0
0.143499721561283,-0.21621794541056924,0
0.12466323908777077,-0.19492462999512036,0
0.10621927392865456,-0.2897095527888881,0
0.16608188670317453,-0.369636778448323,0
0.21872397112637249,-0.3109562141522687,0
0.09886499859225024,-0.3492974711275739,0
0.07473239192009482,-0.3539078942188225,0
-0.01435957440006913,-0.4407943558758636,0
0.12130938798475457,-0.37746225636161024,0
0.11403155426064332,-0.3431916778850974,0
0.09847654803317486,-0.31069263682230863,0
0.12003037019739271,-0.3891551402789324,0
0.17451153080022785,-0.2973794007807066,0
0.05544322671055554,-0.2650722655606465,0
0.14556308850560848,-0.29891611564800147,0
0.13197598147719145,-0.3760700225965175,0
0.13217620580746764,-0.3185264416441426,0
0.13563471852277253,-0.2787801173632038,0
0.11739187089056442,-0.26693512043460044,0
0.1029625490392652,-0.3361843820588301,0
0.07611889593430166,-0.4344245153831742,0
0.12208773296390607,-0.450847261730412,0
0.0013181964674215674,-0.504394153462725,0
0.09477358293673162,-0.45672487279943275,0
-0.00929299447507971,-0.5096855044485078,0
0.162128812565075,-0.4807000695588399,0
0.12285201180620178,-0.38023116537935775,0
0.13892497395115574,-0.49493554789157995,0
0.15429305988669156,-0.4568065874869383,0
0.11195175102927553,-0.4229903730277301,0
0.12175094569732024,-0.38394889993121634,0
0.1607488498167111,-0.344023352186047,0
0.0987785023139234,-0.3556904522134946,0
0.16543664088110524,-0.39247475183138275,0
0.2705927804043154,-0.39996170607602977,0
0.1858660156653224,-0.3786251268400225,0
0.1739127244012198,-0.3920158023958388,0
0.24283012013192157,-0.4259916023813649,0
0.2738408845139585,-0.28586862100368005,0
0.30780741044639215,-0.3816001177692295,0
0.28373655348400595,-0.3433353071624656,0
0.26362843810327635,-0.2651320498896214,0
0.25811123491225785,-0.20463370719681512,0
0.28434447695690807,-0.2460094021768915,0
0.34882607492820544,-0.23646929171230757,0
0.3289843877015759,-0.2398084045075305,0
0.29179467389468633,-0.330994303531959,0
0.2351193236540009,-0.29889742060519153,0
0.24544034303862233,-0.40874716767054475,0
0.2597991903317857,-0.3100614628512385,0
0.22120943992940476,-0.3331701467891932,0
0.23826176921807662,-0.22933228777009487,0
0.27021869564688167,-0.2676383490484679,0
0.3109300479383174,-0.27330802253067266,0
0.3074798436875863,-0.3299586455260217,0
0.25141273837082945,-0.29716512869186923,0
0.3198783402443879,-0.21571379963472348,0
0.32418128289645,-0.1770638490857797,0
0.36632461373755876,-0.12582591294436746,0
0.2978391089056727,-0.14765508183955264,0
0.25465328777701945,-0.18769807753717582,0
0.3111739470407424,-0.1851195146959958,0
0.3267304163176962,-0.1141940853554024,0
0.30586381676390756,-0.05217251813127528,0
0.31312587618216947,-0.17298905292736644,0
0.23043842371053075,-0.10030899723613589,0
0.3252901004671568,-0.17777840937274245,0
0.350331045151482,-0.11680803471068406,0
0.36365527896115435,-0.17247709203014305,0
0.42088834663241625,-0.15925102056084461,0
0.3601389980258048,-0.0711787779944576,0
0.3394563392082854,-0.07114604276018824,0
0.399476196871367,-0.049358955976254934,0
0.393170023372886,0.1363255052579157,0
0.3167391324806297,0.036126043466840035,0
0.3408670727599828,0.06675574190365839,0
0.3829011573739977,0.0417031401762256,0
0.3933679796245325,-0.043667919561899415,0
0.3851310911376192,-0.12087282881941144,0
0.4266342750464104,-0.12152955013185018,0
0.4558955413131671,-0.13431446359349605,0
0.4312974110348974,-0.14130485806056164,0
0.4932483834482252,-0.14264488121479818,0
0.5017830979415865,-0.11743540803009622,0
0.5299437734124107,-0.1737208132146158,0
0.41079682641568815,-0.22212750646512824,0
0.4273057043557614,-0.13392818201690224,0
0.44748180267070503,-0.1960688194021978,0
0.3929818918354245,-0.2428477545265915,0
0.48356149791723985,-0.25832820650993643,0
0.5357765328538312,-0.28147063362465957,0
0.4975297552492349,-0.3332648339942366,0
0.48260600769525364,-0.26982477140934186,0
0.506735765896837,-0.23093983468150978,0
0.5541595649875453,-0.2366305292024531,0
0.49305830330489336,-0.3175261436261609,0
0.5537891460306761,-0.3131985497376648,0
0.4830377375586591,-0.207984544409757,0
0.37716504691517905,-0.2617065744115781,0
0.3616834055118348,-0.29011816146477537,0
0.41355322212319884,-0.28474665027638885,0
0.4660743746604148,-0.2472743280498711,0
0.40008058343831016,-0.28583795964861025,0
0.46364066056534886,-0.1972019791457424,0
0.3673425719371386,-0.235971716975055,0
0.33481062148158386,-0.20362579112030793,0
0.32525244328288777,-0.20690631950622848,0
0.23658050411402473,-0.24185387091855348,0
0.24007713284032825,-0.37287096983716783,0
0.29491570915988014,-0.4095560554060445,0
0.3555735342708331,-0.4081384600077975,0
0.25487609615559653,-0.32490321480137596,0
0.29372818459952743,-0.3809546931248327,0
0.2626092006765919,-0.3897251877214525,0
0.275276822901368,-0.29942860867039145,0
0.3596617040264633,-0.37668537038571254,0
0.35660336360811584,-0.32285799552600725,0
0.3558943362758215,-0.3339083281150122,0
0.3905115017566534,-0.2777381538639708,0
0.3801811555767453,-0.39955732351745393,0
0.4033066832125944,-0.30822011566143787,0
0.3296929566033404,-0.2559575260820569,0
0.4382854903986535,-0.35385057755549565,0
0.46229545698108065,-0.38436218289101115,0
0.37195469401998915,-0.3481583864806749,0
0.31998472156058577,-0.3983551085852957,0
0.35380229469802715,-0.326935273299814,0
0.35055936523340897,-0.3206330860512335,0
0.3339216316196423,-0.36308741781400505,0
0.3781136960559303,-0.34586804288983175,0
0.3772159972335457,-0.3292437006826682,0
0.43449804316452584,-0.3772910653167893,0
0.42049200235089584,-0.3206269646641645,0
0.42453391256125983,-0.44615935868204815,0
0.42533391016886707,-0.42419550881061885,0
0.45567414148292734,-0.38520431400718236,0
0.40085660725917155,-0.3507485541419678,0
0.45804268142942434,-0.37355197947583596,0
0.49622587892096776,-0.3750754378114861,0
0.5380343046641092,-0.40325531717970386,0
0.5083761507982578,-0.322306990681112,0
0.4565839597256304,-0.39604255388490966,0
0.44512808293921635,-0.3923586901503723,0
0.43456845879298517,-0.38574939086157856,0
0.39683259357978623,-0.4220162643983202,0
0.41614665564749964,-0.41835446450803454,0
0.4018866568308993,-0.4745647025227704,0
0.41396126897492785,-0.5301428928476997,0
0.31349424979316104,-0.4490500713549331,0
0.34570434747420736,-0.49398148966499755,0
0.370922855508516,-0.4839917954065813,0
0.3487185895061336,-0.4522308206294894,0
0.39837458927083863,-0.3355549052823939,0
0.3501585453145525,-0.42086451819657444,0
0.3833649202905889,-0.4448106935149232,0
0.3352195407917856,-0.425592247248995,0
0.3735534137407698,-0.29783923903657206,0
0.4072594698671481,-0.40016127091888787,0
0.44581105223661716,-0.30454087311103195,0
0.6066453060267725,-0.3245243473603748,0
0.5274613529409696,-0.2839635241856173,0
0.46994314227788164,-0.20278548118783596,0
0.5652717254311193,-0.16391538619542262,0
0.43425939628531895,-0.17662358662553163,0
0.4255970588039601,-0.31554164640866855,0
0.4837509804192249,-0.3559477620378709,0
0.4463220654070038,-0.3584868225314227,0
0.3806184121438914,-0.29387357260354313,0
0.382011488467416,-0.3162787306831495,0
0.38604145123523903,-0.3580659834498278,0
0.36565042252725943,-0.31183048206141706,0
0.3900618788615097,-0.29799540907911126,0
0.36715976525081984,-0.4105138291674306,0
0.44478993889853324,-0.39455846458536875,0
0.36985806589523496,-0.44826236342427017,0
0.32993706861576794,-0.3911575499247983,0
0.3749150998825446,-0.3190130680565453,0
0.38200913439939765,-0.39092446345134957,0
0.385753668098423,-0.3838990538316292,0
0.3486055313238837,-0.3348516957900295,0
0.37528174131874764,-0.2790504011409903,0
0.37216071253112387,-0.3393699851646374,0
0.3138658341774059,-0.34192444288543283,0
0.3762722667033063,-0.2882825772027172,0
0.36561026105137556,-0.30428893953528,0
0.3353744922442084,-0.27722956383002556,0
0.30256691352491866,-0.3152005670818371,0
0.27995576000920486,-0.3702669921580471,0
0.3199787934751861,-0.27135145843011477,0
0.40447667112550956,-0.3070633536423054,0
0.3961863043750052,-0.35751238220718023,0
0.2929932075622761,-0.30289958257438276,0
0.41576346740827436,-0.3176086396580983,0
0.4190583189145819,-0.2874805650953527,0
0.33397640360744435,-0.2421994321764204,0
0.4767441063988635,-0.2368368079070797,0
0.540046589036517,-0.2245761858323992,0
0.45331809852374505,-0.380927459702169,0
0.41954076525438555,-0.3983331016098504,0
0.5450563125829925,-0.38659909593959313,0
0.4844068397575725,-0.2592889303202723,0
0.45783188539625763,-0.3322745609750287,0
0.42954766022701846,-0.4372498863575528,0
0.3991515369192276,-0.41267223604361,0
0.35664745721684654,-0.35271132885664563,0
0.38088561310845453,-0.37364546787759834,0
0.320366004084853,-0.3431570967180177,0
0.3446688491799335,-0.40427574253984355,0
0.3617976210658061,-0.43348456951018,0
0.4255517890841254,-0.5255362784418256,0
0.4050849223987663,-0.40863447026177546,0
0.43865260966081016,-0.33784040528701226,0
0.34971420725891467,-0.37543205859010953,0
0.40868047400144103,-0.44586449028055297,0
0.41003952766868956,-0.3853411997679756,0
0.32491069603909145,-0.4093621172798954,0
0.29020565118427705,-0.47734133499639264,0
0.33826357805924145,-0.5257483809190325,0
0.3038842674611313,-0.5491562804159891,0
0.33246823262342523,-0.5135701758493005,0
0.36443676806860636,-0.5212490556192041,0
0.43123418336560937,-0.5631348364877669,0
0.33104456143646915,-0.4363604786092182,0
0.3439078298362579,-0.3826069325121886,0
0.4335306480197831,-0.4228803426301114,0
0.3248196013887602,-0.4153991951483841,0
0.42982302613837076,-0.3864879119127798,0
0.28969539784621623,-0.4156757594324041,0
0.2870284580470839,-0.39775744272392566,0
0.20823494648913704,-0.39977797053785386,0
0.21380876173177693,-0.430229252365528,0
0.23333651908356035,-0.3853955885060528,0
0.21749188778418535,-0.42342380415672,0
0.2793789365324236,-0.3632573190587236,0
0.22405258704204423,-0.33736884636336206,0
0.2872782512790496,-0.48211564298707754,0
0.2668454480032798,-0.43034015105033757,0
0.2480178954547658,-0.38430007138343725,0
0.40276741083495327,-0.4320222857669314,0
0.33913766236093495,-0.4605581799800721,0
0.35812472132867884,-0.41879855217033596,0
0.40906892307666143,-0.3634093267898678,0
0.3331403529792988,-0.30494005830014004,0
0.34340074016153493,-0.3425160790887258,0
0.38300788297454735,-0.38457383789050786,0
0.3638377645820897,-0.3590415206194688,0
0.3485147002488172,-0.3666698023262997,0
0.21931391247072538,-0.3648915810527676,0
0.3061745331394916,-0.26421700974824963,0
0.20811088177194217,-0.19593154237456978,0
0.22259681774787868,-0.2661613638707033,0
0.2598930654021929,-0.2852959402648508,0
0.19297474106883003,-0.29899250206451855,0
0.16603754601036494,-0.3228489388005363,0
0.2143701894913596,-0.3485341860256453,0
0.2033893759273734,-0.4027461497176478,0
0.19887794811077794,-0.3767866880112845,0
0.13237469407192115,-0.35310331072452195,0
0.15258426901125935,-0.42598560361160176,0
0.14346524164222987,-0.4321401617167669,0
0.25238479189178864,-0.48038270165897673,0
0.2108104423584319,-0.4012697792318365,0
0.14109416141092812,-0.4515587302365461,0
0.16430310063069886,-0.3663250736186877,0
0.08210302065782903,-0.34010728677291435,0
0.11465121469474265,-0.2712218979706157,0
0.09499417838652516,-0.34882100198087257,0
0.10534546765875491,-0.315880893420111,0
0.1699160576790713,-0.30705102761494907,0
0.07874127332853857,-0.3530108465385175,0
0.16121074993800594,-0.3235363959969517,0
0.2537374817296217,-0.295429487419386,0
0.2893775011754418,-0.38209643644813573,0
0.19821925912338864,-0.27985416987035455,0
0.1734532209352722,-0.2166560408064256,0
0.10844022704577208,-0.28615934560470657,0
0.2626284107785939,-0.36451275813883266,0
0.18140311419139402,-0.34643191566607223,0
0.0651628688927031,-0.3202923463385539,0
0.16457969849283316,-0.5306179928364092,0
0.16585794656371486,-0.4890167970424699,0
0.16342031502171842,-0.47344461713913183,0
0.23589177302933567,-0.4756135265152937,0
0.2041961603702497,-0.41831948965837945,0
0.262157028786911,-0.43957706797533297,0
0.2754562900018721,-0.4130209321003336,0
0.22580759374705162,-0.4030563595963205,0
0.2367890548114281,-0.4554525952905714,0
0.24020817898004335,-0.5374548909723285,0
0.2337043844050876,-0.49306871975734406,0
0.22221572731857786,-0.48147049392212043,0
0.2093279953403637,-0.4785852203793646,0
0.2688833621635398,-0.5225072705033152,0
0.29281869905471547,-0.4621311049036771,0
0.2389278452327847,-0.5068819220529981,0
0.1975841490865321,-0.42314530433766123,0
0.1516110743339906,-0.5249126373393904,0
0.06682473035841188,-0.644427510177013,0
0.148195347771035,-0.5407688050876698,0
0.19752709691980716,-0.5835746756189953,0
0.16465688716133436,-0.5618591779133043,0
0.22157536403350453,-0.5168443666859669,0
0.31419703376631875,-0.5319840009376844,0
0.2166741425241407,-0.5716231216292991,0
0.2819675577765373,-0.5039599432181625,0
0.40831736744838415,-0.4812580186151674,0
0.3453683559322301,-0.5615992155191802,0
0.37956803494252844,-0.6564626617052011,0
0.29583134808337097,-0.6166420877083738,0
0.26260256187668213,-0.6599842200394525,0
0.23035708501423668,-0.5624666570710638,0
0.28453086147801376,-0.6030712925799009,0
0.27327433229961956,-0.6303766877068792,0
0.2546412971842793,-0.5510184377785255,0
0.2571759774113572,-0.648277123126737,0
0.22464667333829383,-0.5701838429498611,0
0.23210487772315055,-0.593050866374837,0
0.21252207009329155,-0.568125863130516,0
0.30811742452328206,-0.5566537454228558,0
0.3589030703509297,-0.6018238959763166,0
0.35893565152838713,-0.4312011664893508,0
0.37547701845153353,-0.39053391077632993,0
0.394119159196438,-0.5308054221758189,0
0.34534625095866006,-0.4118509322937799,0
0.2905759599878073,-0.4817561720404116,0
0.4424536848095092,-0.5244524238775371,0
0.4079959788819891,-0.4843036124882947,0
0.29245910534026875,-0.4963105626152937,0
0.3077783160953392,-0.46163763287792703,0
0.39930030334279853,-0.4689213020778972,0
0.4323933166005858,-0.5299242564456376,0
0.3885672020019427,-0.5232572197535115,0
0.3555744949360389,-0.43865488227613014,0
0.3846210341179188,-0.45163708422104476,0
0.4124578669311679,-0.5094029364279893,0
0.3708825903229075,-0.4769396884958466,0
0.39439461015573246,-0.5328294313096471,0
0.44459211804247634,-0.45416652582674666,0
0.49762019830166415,-0.41464751836490055,0
0.5099991801367475,-0.449720240335417,0
0.43663422385912665,-0.3938092973139091,0
0.44662450753684907,-0.4348870779884333,0
0.4462845447416688,-0.43755869457291857,0
0.5167004750313752,-0.48586712074659993,0
0.4689506570080191,-0.5102227629560387,0
0.4565873019649491,-0.5834691782461919,0
0.4665131368557173,-0.6474655615203484,0
0.3811458219585955,-0.5587868104246055,0
0.38422965521597807,-0.4993793894994848,0
0.41631120075983463,-0.6150856308814219,0
0.3623476657081517,-0.6437974785194601,0
0.5080985220387664,-0.6256695792666933,0
0.46380119466820946,-0.6280141869540332,0
0.5486131941807065,-0.6277163244866109,0
0.5476121941116086,-0.5840246864178507,0
0.5200398820411745,-0.5811853387677961,0
0.4654195848364251,-0.569522502943868,0
0.4558579449651798,-0.6351210379191875,0
0.5255880906383955,-0.6064802803679621,0
0.4550356651202711,-0.5324405956130419,0
0.4675205370434668,-0.4594814604264225,0
0.3983358688525982,-0.5454424226283141,0
0.4494201204823151,-0.5321428553490274,0
0.31062405536948245,-0.44101558791452966,0
0.39840740846083955,-0.4462169174614552,0
0.3203984739498206,-0.5313030360379299,0
0.3892955979619502,-0.4356134102051996,0
0.32843838282347065,-0.43692397782266124,0
0.3579657159968911,-0.47298554488634137,0
0.5710720161006135,-0.4615588035648383,0
0.4310607843886808,-0.3438819893233192,0
0.47481156525096246,-0.4911343867262664,0
0.46071726215650116,-0.5804789315498987,0
0.4909116607317623,-0.5366457960582274,0
0.5455581669246365,-0.5444996985313593,0
0.4805018284664656,-0.437474000573687,0
0.4597125493199254,-0.45995698992687634,0
0.5392198690604786,-0.5097485646961116,0
0.45712955108156605,-0.44972389447859124,0
0.5020551611672669,-0.39995467187314077,0
0.48108684353933634,-0.44427631760775044,0
0.4779711232387964,-0.3893319715315791,0
0.4090818259485461,-0.4285667793076689,0
0.4081979187940357,-0.4077001747492403,0
0.44211899541627026,-0.44778883370313705,0
0.45541913003567097,-0.3665994229505517,0
0.3772841847577033,-0.43362550605972694,0
0.2505726763029299,-0.4016642232121774,0
0.30933201554011264,-0.3941789597214902,0
0.2203512238072523,-0.5069711396776173,0
0.20558663027979227,-0.5195765087675897,0
0.273047948257497,-0.5596804332320559,0
0.25757654753140513,-0.51594871405474,0
0.24630566639398405,-0.48584278804952524,0
0.30894692974186544,-0.4696055384734703,0
0.3288121977943569,-0.5167304169256273,0
0.3594682780412515,-0.38737938237378355,0
0.31993287992657077,-0.35799041322219827,0
0.34415578043611356,-0.4735549308083553,0
0.35858988907008166,-0.38780107669176245,0
0.3381223406714267,-0.44814799688427087,0
0.30063893121180585,-0.3971144332642266,0
0.25683647815571276,-0.47766060417320383,0
0.3156135391317984,-0.5219181029877014,0
0.3269988101309853,-0.44472435244264474,0
0.35532741587536887,-0.416758183351168,0
0.2983551599623288,-0.4593470280607202,0
0.3861941016020498,-0.48214873281783577,0
0.3748608775290284,-0.5537812999386205,0
0.3471523712011927,-0.5814719514137653,0
0.3168448802889823,-0.47784895094910734,0
0.3240605387302815,-0.505643496725346,0
0.23972538515940783,-0.5692868737376514,0
0.26439593809814926,-0.4611125881744588,0
0.25294658078676185,-0.4150993354692461,0
0.36333264097848894,-0.47647341577605357,0
0.3766820677731224,-0.4471778489340627,0
0.3630610662891906,-0.373833769246382,0
0.34646076194921466,-0.39971424567495273,0
0.32914505162437285,-0.4651244530040409,0
0.3318698839686481,-0.420686771910609,0
0.39023585251197257,-0.3950159766027635,0
0.30411601767351937,-0.39525028306326415,0
0.38481472603430544,-0.3567930841517581,0
0.41853738369549387,-0.28824964937892583,0
0.42245618369019955,-0.3260032433454362,0
0.499893802665004,-0.3492502817962151,0
0.4809404492249212,-0.33465219258985646,0
0.44456597778088075,-0.3685873783376792,0
0.523822460766642,-0.37004761144876114,0
0.4019615411448507,-0.35711924182080346,0
0.466327019316307,-0.2648605965121073,0
0.4521203741443656,-0.2920575229944919,0
0.41875406538417403,-0.3026390703094995,0
0.4624255384545339,-0.3047018277958129,0
0.4622412519991947,-0.3843023582157376,0
0.46785284090471174,-0.2842004775289837,0
0.3700983707068044,-0.32354804211259397,0
0.3985275031177407,-0.3581617892464735,0
0.4222898810235944,-0.27127554361323203,0
0.4689182948330278,-0.335947786943388,0
0.3953722027629091,-0.37321712749630814,0
0.3712477464890891,-0.27758628592036994,0
0.413768024472383,-0.3441314925642725,0
0.4420203851982519,-0.3186429418412831,0
0.45376608782277666,-0.294156651722416,0
0.48358798660023594,-0.30890644808773615,0
0.46969976222933024,-0.2930920038531908,0
0.37478891633669176,-0.21257628468838002,0
0.44134657965310253,-0.2914543152849834,0
0.4177521038585545,-0.2077650539636554,0
0.4463957449172487,-0.2201263237422784,0
0.34162270877071244,-0.21180272907206119,0
0.39316751400176825,-0.1573669767179328,0
0.3193067571530439,-0.128472040643807,0
0.38968318563256754,-0.15718732732515736,0
0.2824651478620209,-0.06626030425889638,0
0.47178344990302346,-0.0428905482032936,0
0.4640227127921957,-0.12286924079175693,0
0.45993547371077714,-0.15124739359951217,0
0.40760006429047174,-0.13050197398193836,0
0.3772063304690429,-0.19059749770552678,0
0.47361676803006236,-0.11710986546947187,0
0.34301433791426916,-0.1841281149377832,0
0.43857288343545237,-0.08008306679590747,0
0.36320271730138043,-0.14478218518260427,0
0.3350161017079508,-0.14006459000724666,0
0.4957263537460669,-0.16952080720641435,0
0.3586372791286738,-0.13482008868500256,0
0.44241910619438124,-0.15109360612680653,0
0.2927439934598175,-0.08911470533716323,0
0.2764038812590861,-0.20707267361798418,0
0.34653347871811757,-0.18347629291257372,0
0.39908746225021735,-0.13550202164641956,0
0.426977697718932,-0.02894981231454538,0
0.39773503784765507,-0.05138594394029428,0
0.4118108734930231,-0.05442727599756519,0
0.45159321531207014,-0.0558987632048879,0
0.39713343391117656,-0.07872411547361598,0
0.33963652710540254,-0.10035948747777473,0
0.38431060015650825,0.022854087612461466,0
0.365849192837473,0.006752143916416115,0
0.4840974514535625,0.0070379402014501,0
0.36722232964882573,-0.0451918046130872,0
0.3767876500227848,0.03536137420523578,0
0.44059466610664483,-0.03915828601349001,0
0.5046848233187733,-0.05999949370411367,0
0.467353983992362,-0.006825331049208995,0
0.5246987012774569,0.029491522235633207,0
0.5029063868010245,-0.026499033502448345,0
0.5107732675006217,0.06084836029604288,0
0.4547288895082504,-0.03378720923245981,0
0.40175710668002446,0.029256903498813,0
0.40383271995067904,0.08670954620218493,0
0.3951581843978631,0.08080106306787231,0
0.4152136586952412,-0.03433336430426283,0
0.3638737977118063,-0.014559753184053111,0
0.37119507969782156,-0.014390900982818585,0
0.40351186647400245,0.021347931965715928,0
0.36715134717428083,0.030566777165917654,0
0.39317969914687506,-0.054039846972859185,0
0.4169825444932768,0.03913206046854156,0
0.4958078061726148,0.0616053880975036,0
0.5777126233386369,0.027985931878458797,0
0.5185693416535415,-0.004412573386440126,0
0.5335050501230977,0.06482270105599439,0
0.5999651369587392,0.018353396554153786,0
0.6705437771900514,0.0976165889291746,0
0.6008089070675179,0.10772976887688984,0
0.4951396473818951,0.09472573353005467,0
0.5476970925587045,0.11899415034069893,0
0.46280668118417945,0.18029327611077026,0
0.4655767192332992,0.18381473443892113,0
0.5753769214754522,0.061888884685973214,0
0.4787138671469729,0.2561223422491269,0
0.6107354016234042,0.2151241447554637,0
0.6626853488319597,0.10761908227884384,0
0.6351174017695271,0.0982290544840642,0
0.6531911738244167,0.08205816108019014,0
0.6889031502496726,0.11045153071568095,0
0.5678926195935897,0.1530353599875754,0
0.6542207206423154,0.2003885375358477,0
0.7155129346459131,0.19126161774998418,0
0.6632159678279983,0.15677317785851,0
0.727664270905075,0.1495392913455802,0
0.6511750053178892,0.1266828781311465,0
0.6927106271375812,0.17473641357475675,0
0.6723704693506508,0.08193102523467694,0
0.5851121881109337,0.2050398134781421,0
0.6539107085008907,0.21859674388802072,0
0.6248681378471387,0.19755632730496572,0
0.5873483110503448,0.24477847983125195,0
0.5211212094103332,0.25523188406046016,0
0.6289146409341603,0.1572550896461415,0
0.6089427989250281,0.11018734401843136,0
0.6508640113887977,0.1456066326520449,0
0.6647078611300278,0.10013815994214978,0
0.6748262180296493,0.201626387341248,0
0.6537759354645779,0.23136637942902755,0
0.7332548614860427,0.14235908935682273,0
0.7331191200144226,0.07089315255574448,0
0.753462755569284,-0.0067337757640076185,0
0.7256741404808469,0.11089499006333092,0
0.7644138055260123,0.2065822424949747,0
0.7481090913618429,0.2038411247642119,0
0.7765083018537241,0.23409693886506883,0
0.7725127131280491,0.16686531655571657,0
0.7347120033472687,0.14363110059709916,0
0.79457953520313,0.14881574434805026,0
0.6642925410086127,0.23183742754994618,0
0.7290275017589214,0.24387274473391798,0
0.637556121845332,0.20834600470602224,0
0.6671934233644717,0.27286209530090955,0
0.7117353649676548,0.29100302562536356,0
0.7094724272317828,0.2391869850844895,0
0.6104582013185921,0.2737358733207208,0
0.610062691402927,0.29760045832364546,0
0.5850016894796082,0.3174457003820461,0
0.7081734217904311,0.21890906982448233,0
0.6035190458451736,0.2962892914902885,0
0.6412428348203048,0.27805003640756226,0
0.6126128798644132,0.24293525752317993,0
0.5004674622759121,0.23925514463446712,0
0.5473613644079935,0.28206872250402,0
0.5525485475999549,0.26706222888971376,0
0.6021300495296413,0.2142439452326771,0
0.5543005800911636,0.2233948867946068,0
0.5844805404858652,0.28191045505750695,0
0.5598332696036648,0.2555693991607211,0
0.6333648702363899,0.21193493098636196,0
0.6278444555261349,0.18424759924534698,0
0.580193304278469,0.2163145372723236,0
0.5271126756313208,0.10997859600939593,0
0.551876576220558,0.2419182189582123,0
0.5990934553251772,0.2353092730718795,0
0.49813166421915933,0.3483984191688864,0
0.48475589047669654,0.29426489580002313,0
0.5878955117448648,0.28489977308988745,0
0.5935829896544217,0.27870792470441563,0
0.5447532380964092,0.27789696092642374,0
0.49677302165694837,0.30356499227547795,0
0.5909063470916451,0.3320065384593462,0
0.6383193454749988,0.38035559251383755,0
0.5188088498511985,0.40574522954184816,0
0.602688150199246,0.35443972602482376,0
0.5402553044656804,0.29060085789968754,0
0.6074420543942298,0.3157008579461443,0
0.6462647219864829,0.29356292571205556,0
0.6399972683272931,0.2517437924014302,0
0.5182515594964,0.2488618056561376,0
0.6116976953691113,0.07015562661988511,0
0.6629635455731188,0.12438256232924293,0
0.6673500143333391,0.22069916122841254,0
0.6869929548520699,0.11466815359892835,0
0.6345633218367049,0.2174937460771893,0
0.5800018459873453,0.17867924756548442,0
0.49370362998855777,0.07821898432322379,0
0.6204417724464805,0.03534813453275773,0
0.579037182960018,0.01292579010830626,0
0.49336338779606215,0.05671756631570464,0
0.5286942719122449,0.023966857076629343,0
0.5565909820480175,0.0057716466409846595,0
0.5204499845681394,-0.0453280767405658,0
0.4636865209284172,-0.06062865671562254,0
0.5398073972767344,0.008556567086511542,0
0.593514160963879,0.059478427389458986,0
0.5782167449259866,0.07279490281523696,0
0.5041078386589015,-0.05911255430532428,0
0.44724749456136814,-0.03982342165275431,0
0.4675526419606246,0.007908748415360253,0
0.6128755898630711,-0.07087680467485136,0
0.6144642195619343,-0.004275371514704085,0
0.4994945308069673,-0.061361435455339106,0
0.5156578333309022,-0.01642136140750195,0
0.483501056680434,-0.11985800321603884,0
0.6000621480439532,-0.08293818372156841,0
0.5415102047057682,-0.12988819505047097,0
0.6295101391253438,-0.16599780361013275,0
0.5870840624169448,-0.15455939790224235,0
0.6772894569164106,-0.136529739956798,0
0.6306020664819422,-0.15459678113581893,0
0.5542584896822673,-0.17290216370378786,0
0.6019288065528835,-0.17557517051142416,0
0.5305050263976574,-0.13851253384104945,0
0.5498377825486598,-0.16366333790497686,0
0.4962180944570747,-0.07294402155209019,0
0.49091461938203307,-0.049699626252470375,0
0.5152369228182457,-0.10060240283218114,0
0.469154941884945,-0.0019645399670161906,0
0.5220010124470056,-0.06218604015151089,0
0.5418939443372425,-0.07674489884778839,0
0.5898975603535851,-0.048387118365865275,0
0.5233873383483947,-0.17832456099520022,0
0.5357293182318439,-0.027558960187153037,0
0.5217001565055579,-0.0576322260050508,0
0.5209592680134665,0.0036624027469848996,0
0.5147121625813911,-0.05698114142213971,0
0.505049739859145,-0.06344255418802058,0
0.4579536574939255,-0.1014645318640955,0
0.3722274579346247,-0.1071858267004929,0
0.2972791636147904,-0.16205464331170524,0
0.39650777064248843,-0.09395774016435719,0
0.3520782420607628,-0.12210288514305664,0
0.3461800126129402,-0.16996981609102255,0
0.3956057886746281,-0.10744040717971207,0
0.42002574049682634,-0.03633617049819281,0
0.3547653136100489,-0.0382903668136365,0
0.4093023296195287,-0.1576140586068992,0
0.44353717652401237,-0.1595889915524546,0
0.4658461359375141,-0.06434115892377866,0
0.44062258121377756,0.002966003641921622,0
0.4436854536618022,0.0019367780193448533,0
0.4536191706456393,-0.14345033512866967,0
0.4298123667345335,-0.05088123223472184,0
0.42481566038139446,-0.05778724687334312,0
0.4527656777217663,-0.11915286781088788,0
0.4306394215668232,-0.07682515866937206,0
0.5285826377631518,-0.12133781074328759,0
0.5150656064641238,-0.20624820229556756,0
0.43981811719548664,-0.2059445840822361,0
0.47147862909218335,-0.1471321269170982,0
0.5216552523061901,-0.20118620917567104,0
0.41187795920670883,-0.15514244385242076,0
0.41644700549046093,-0.16378490513458552,0
0.38477793529825866,-0.20359743015446524,0
0.3543656283119319,-0.1936269414368156,0
0.31825314103307295,-0.19022836991990347,0
0.35970798200561177,-0.2153602674994364,0
0.35819073149934844,-0.22656669662126772,0
0.36825713870387394,-0.1663591222553522,0
0.3000721280173961,-0.259077477037228,0
0.2718107665362745,-0.28493667837919273,0
0.3752363995307232,-0.2214029239581023,0
0.3323327035893515,-0.24753005632434139,0
0.26855649627154554,-0.19470649171033078,0
0.3590407583137313,-0.15678651629264614,0
0.3863332436590954,-0.21832990958646942,0
0.42756672718543387,-0.2907393225203481,0
0.36047673245232736,-0.26975259204507396,0
0.5018305799926397,-0.220111966860785,0
0.3956480205830084,-0.3068284429457977,0
0.527225616815232,-0.2399776650259242,0
0.4252461343263414,-0.18333681442922065,0
0.4768356953536972,-0.31400326269975,0
0.44131501861557376,-0.2453007457955123,0
0.4847605648898414,-0.32489751368381914,0
0.36301675315077214,-0.18215442323265102,0
0.3828496820454972,-0.15936026576947906,0
0.3053745627762632,-0.19171882795871187,0
0.5134304730051006,-0.1925913861266642,0
0.4248521090896113,-0.19267623507306791,0
0.4163509662209391,-0.25570129646365675,0
0.3939383888039444,-0.21099190890905273,0
0.3742769164326151,-0.14154290737161807,0
0.3528659390667105,-0.19268411707698038,0
0.4056121803903342,-0.174722292112411,0
0.4285055361007421,-0.25597730894168214,0
0.3745292112445388,-0.2844201108936326,0
0.3744600846212442,-0.23731084008848646,0
0.3537693612872766,-0.17275999392373947,0
0.4516518443286338,-0.09360593454565062,0
0.4235196717179244,-0.07187492415525203,0
0.4946214972190407,-0.14243154944479988,0
0.48745685912579895,-0.13341142047227514,0
0.39789451414837285,-0.18727145388018934,0
0.49357947015635656,-0.25782567678435725,0
0.45244429190623264,-0.18924840328424433,0
0.3954268361777574,-0.17884774650189486,0
0.4035001832173743,-0.07384808505532914,0
0.4589089676929905,-0.05683618561248935,0
0.5193672600707222,-0.12117729457306355,0
0.48964769280610115,-0.23484119101503517,0
0.5205089798348169,-0.1980321991053002,0
0.5367978531497907,-0.1905238219546371,0
0.4627153526895179,-0.2137757067412462,0
0.48082905440426377,-0.17117945412537564,0
0.4326729225493875,-0.2811146708705721,0
0.4612332898190503,-0.2074490029869529,0
0.5074471389977194,-0.20172464199578774,0
0.5581639579744775,-0.21757937980988748,0
0.5110942553133686,-0.2754201928347864,0
0.562506012394456,-0.320251115789181,0
0.623107226754318,-0.29853832060154145,0
0.6425265414662068,-0.272183908689841,0
0.6315645207084672,-0.270601282860722,0
0.6879878350541229,-0.32709556526245254,0
0.6016904959361222,-0.2065310700951859,0
0.603702969901891,-0.15717750901682076,0
0.6203340415893521,-0.13008545739463387,0
0.5197587748615671,-0.28879829884840036,0
0.579057123035159,-0.20122894843065467,0
0.5443052493177374,-0.13919521972210336,0
0.45107026249558385,-0.14036972759165287,0
0.40383616709613085,-0.14743993853844228,0
0.5236637789987207,-0.1647941793952532,0
0.478490675556102,-0.12980967453494122,0
0.4901685273389483,-0.17703459299032132,0
0.4853875504065798,-0.27859583202687077,0
0.5090316491641613,-0.2654696409309536,0
0.5437677701667546,-0.29273533802695884,0
0.48551083280675145,-0.32598313738426404,0
0.4862418639409543,-0.21963642322133925,0
0.5174089680327999,-0.15143798586225418,0
0.45134215532205013,-0.17213409774253108,0
0.4188598064130377,-0.21036573349231874,0
0.45717869888329976,-0.12600214873885007,0
0.5537284894330148,-0.20265928477777795,0
0.6979461766699977,-0.28687197423134353,0
0.5798140676764987,-0.11422936033408745,0
0.686282916276401,-0.20570400671127764,0
0.6928015630783186,-0.07499743882770948,0
0.6868156071206907,-0.11666926622440593,0
0.5947430368302126,-0.03640924276146608,0
0.6431207723336377,-0.021435469063517436,0
0.6275796615861943,0.01835740796442813,0
0.5677732156110908,-0.1659808411913049,0
0.5924395578332153,-0.11471369029478945,0
0.6549921930855234,-0.06480816893189392,0
0.5959883556849505,0.11160658907857551,0
0.4644220218140177,0.028717713820121477,0
0.4550315163272382,-0.049300209860887234,0
0.5726580570504808,-0.0665814161848308,0
0.5369291730701649,-0.05097925476843794,0
0.6072280980126297,-0.04813842517055893,0
0.6369211075536968,0.0038846487600049037,0
0.6141689009263658,-0.06411913117752335,0
0.5408206866496578,-0.011479961081359326,0
0.5204907932272915,0.06351003357923041,0
0.5505852913897731,-0.03963038190944715,0
0.5391105796276661,-0.011732062334718706,0
0.6555924468772216,-0.015380911012139113,0
0.6633872953420396,0.03692418162414086,0
0.6575275470683201,0.004674184638505115,0
0.6018032531369296,-0.1072588139125771,0
0.5884651030763427,-0.06842278014820954,0
0.6670849652405635,-0.017617015855240267,0
0.6149047050155714,-0.06248105127091738,0
0.6388497582253615,-0.09195911483752184,0
0.682780013761584,-0.19164754749122875,0
0.6458557102265818,-0.13056700374777971,0
0.5542633882755117,-0.24211034978930385,0
0.6628422336409797,-0.20118445341665053,0
0.5937162378065561,-0.11042110351149922,0
0.5777497500824385,-0.08805923642413585,0
0.5208637878164398,-0.006822860368937991,0
0.5670238727919162,-0.04690763898966125,0
0.6261585946175701,0.02137376037014036,0
0.5580876382984569,0.11195323316161648,0
0.5276098601988545,0.038351972548628016,0
0.603614215418801,0.21343163872682927,0
0.5964601314048316,0.11133900466773342,0
0.5784255213828315,0.07389818392282968,0
0.5917293742011863,-0.01656465939759759,0
0.646583849869248,-0.017809360886163573,0
0.7072347168437334,0.12628102158307686,0
0.6411944290948173,0.039701144291584056,0
0.6092241996879503,0.019572635653784465,0
0.526866295254554,-0.06299065965289002,0
0.6253426193319228,-0.04225134836082654,0
0.6269005983254385,-0.05984565938145329,0
0.5473880120365098,0.024548626800903674,0
0.6541854652339412,0.037175636636937764,0
0.7324010895602443,0.05093591027006015,0
0.5926595213873178,-0.05635399529927255,0
0.6353388760452531,-0.09909578777184416,0
0.5547294981151785,-0.044577613565500974,0
0.540004280155834,-0.0901335294358617,0
0.611122375972774,-0.1431809033458301,0
0.5552873831292344,-0.1814822284266853,0
0.5490353426549017,-0.22008796095553462,0
0.5631707234677532,-0.19025311851655582,0
0.6777810775928392,-0.2536514092570506,0
0.6032947745423339,-0.1794188293977652,0
0.6056073992685045,-0.11360213247509773,0
0.6500851559404387,-0.12082499211239872,0
0.6624195348659208,-0.17538287527462537,0
0.7194380708119509,-0.20567126040784434,0
0.7085557891224413,-0.16283003243749625,0
0.587091626787651,-0.1626638490263925,0
0.5558673532193201,-0.15761799104625906,0
0.6759864605465785,-0.22815017492360257,0
0.5960653562813618,-0.13026204570921168,0
0.662155201249848,-0.1020588605019859,0
0.6582206463637216,-0.12171501431487011,0
0.6126967753743262,-0.056911899626648346,0
0.6617008874508499,-0.07632597509628508,0
0.6512929609717582,-0.13064807437823137,0
0.5453927597190623,-0.15244911916022807,0
0.5845618941779862,-0.11645489171747225,0
0.5854160018450908,-0.13913744475760675,0
0.5487487149652736,-0.12388356843753517,0
0.574406066689603,-0.1404676227409974,0
0.562029837426257,-0.14788161244135184,0
0.7001854277091862,-0.10220029708834313,0
0.6154732495755827,-0.1939800109255727,0
0.5780155872241363,-0.1718169077166403,0
0.516258036472179,-0.17323579262376063,0
0.5781018845195891,-0.16786057139938118,0
0.5129095709723858,-0.1371659127996736,0
0.6182783704790905,-0.07270228840152983,0
0.6360822035170854,-0.253720937047926,0
0.5345622565017647,-0.19243004364285682,0
0.5678959069250165,-0.18240371300061156,0
0.5498747216408373,-0.11459803484872323,0
0.6712370834208927,-0.21734635054713913,0
0.7295755086741411,-0.013117750266511768,0
0.5871834930245046,-0.14528542134598757,0
0.7087328080255515,-0.17989784068943518,0
0.6269406553810939,-0.08561459494784127,0
0.6043437660149772,-0.09489775968656851,0
0.5615193731444991,-0.057584961529346446,0
0.6110351360764364,0.05312686625652718,0
0.6220284437382685,-0.15636260472753685,0
0.6084766205091163,-0.12769740487268916,0
0.6798272055429222,-0.20340325511928276,0
0.6887263727808324,-0.14783802705696522,0
0.5911977014686721,-0.11394772730794483,0
0.6604264922874907,-0.24664210022483854,0
0.6685304257259719,-0.22872592449877577,0
0.6391549637438791,-0.2258797102470502,0
0.623256566384345,-0.17884156868744217,0
0.5962189753713355,-0.20004146170264392,0
0.5643485371745376,-0.0677784018326533,0
0.5578873019064926,-0.08559752945886337,0
0.5513273266707205,-0.03343853890174708,0
0.5906643003344151,-0.08817107880703219,0
0.5863605866791046,-0.01960844872729821,0
0.6154267905337435,-0.007575042214394506,0
0.6574316888887254,-0.005199004978549091,0
0.6283823219264681,-0.037305085057832546,0
0.6904896225481196,-0.04789899823895132,0
0.5664362801666388,-0.13074292309217092,0
0.5837493827205954,-0.009350973014814065,0
0.5881567504434025,-0.11742600951385807,0
0.5692115295426087,-0.05301478214474736,0
0.6179798793308237,-0.10725943940981554,0
0.6102352255776835,-0.0614833648073392,0
0.6383459823963743,-0.018487147220081768,0
0.6201459850889606,-0.09876624732740785,0
0.6589901956620265,-0.16130002847352853,0
0.661040723237734,-0.24083318806199094,0
0.6706015008775975,-0.12488123952117693,0
0.7144739014669075,-0.19312321353496725,0
0.6146073576976084,-0.15769634889254464,0
0.6522589059408644,-0.08802426340250871,0
0.6427432707368307,-0.2454917781727348,0
0.618719549047608,-0.18699440073543122,0
0.5612267171660205,-0.20994760297194026,0
0.6346681828612569,-0.1906689224100527,0
0.6952274852494025,-0.20872462057673533,0
0.5642242628856418,-0.28846340089610917,0
0.6274238059867728,-0.3350641383670601,0
0.615342716483219,-0.2324406680810647,0
0.5453023611052606,-0.28594868389505923,0
0.5660520716323639,-0.32469130108643995,0
0.5940626204753965,-0.27992620998726087,0
0.496473593773674,-0.23922577173262696,0
0.4676827632968333,-0.2671966132126959,0
0.5544066157323991,-0.2535449163670388,0
0.5524722971919406,-0.2261579233340514,0
0.48056637892675996,-0.30278640957362546,0
0.4256017444225898,-0.34180070427724596,0
0.4714252163711057,-0.3413240657621761,0
0.5553890187455905,-0.31139925047353206,0
0.5340976500918397,-0.2685490116477987,0
0.5335269158345144,-0.3636179086586287,0
0.5184432287480113,-0.3411594313448513,0
0.6063219995727428,-0.3332958024240281,0
0.5276793386872911,-0.3006622023118483,0
0.513377226900093,-0.28384337055097814,0
0.5692988688609584,-0.27337272690355824,0
0.4720862116611565,-0.26826798677606506,0
0.43332841017418744,-0.256940614249611,0
0.5217439274850904,-0.2945394150548898,0
0.5463254138531636,-0.32398797066292695,0
0.5173095393898589,-0.29101290764512044,0
0.4971169726945034,-0.33413068191605766,0
0.5830776167000956,-0.41384813525679087,0
0.5413909493059316,-0.3828423199254977,0
0.5011957583795186,-0.37519122150561207,0
0.5933596120743602,-0.32810924277613396,0
0.6038992202763666,-0.3945279027482738,0
0.5969578379154284,-0.35429679549582205,0
0.5131115032584743,-0.35645965265946605,0
0.5597136922385795,-0.4165394234078495,0
0.6029846638141887,-0.35045921139014896,0
0.520599749218012,-0.3250955869763972,0
0.667915627022025,-0.39338970738037055,0
0.6858286852641983,-0.4432989419432137,0
0.6435048625033071,-0.37530518281573944,0
0.7081526834295622,-0.37657571637041115,0
0.6383793067763782,-0.4043289271771551,0
0.7171425873321842,-0.435275027510613,0
0.6953298935757897,-0.48117855907269896,0
0.6440317887776235,-0.49843543150144703,0
0.6498213065368541,-0.4932025126524911,0
0.6757365417956221,-0.5612507135348773,0
0.6972547938286011,-0.4673673736275143,0
0.6298731867369893,-0.47376190449462297,0
0.6683029639813073,-0.451401980531014,0
0.592030888068269,-0.49769535468684273,0
0.5673061100876086,-0.512383080881705,0
0.5952790599131345,-0.4057704548099326,0
0.6216723400240407,-0.47059614503597536,0
0.5988127892383284,-0.37981476021430527,0
0.5976474681123518,-0.36608291091661704,0
0.5503994575466277,-0.47765221246922984,0
0.6253123134714915,-0.318511208238368,0
0.5997141507294725,-0.37947406451591925,0
0.6862207479648467,-0.398498042013624,0
0.7446112540710631,-0.3613841371002187,0
0.7738808527368362,-0.3463179045404072,0
0.6765229958886829,-0.35176112974505924,0
0.7021096452078885,-0.3298901586770955,0
0.8183990447708877,-0.3248299357027116,0
0.8477834888925877,-0.31091365906291357,0
0.811091118671464,-0.3878728795582937,0
0.8719546262272511,-0.3791144814173725,0
0.8395368307522202,-0.30584239993967677,0
0.7244748879380284,-0.394561375706115,0
0.7143328595353439,-0.49828804270270544,0
0.7083829029925199,-0.40444763804191125,0
0.7488424137976258,-0.3110334784649307,0
0.8758893010073047,-0.33637525696247905,0
0.8538009262290436,-0.28070445251359993,0
0.9090625071527967,-0.20766506255827877,0
0.8367383727208064,-0.22636906829511197,0
0.8255516050994247,-0.28817162287651826,0
0.8668261959393805,-0.23661606633596022,0
0.75197625291241,-0.2907829146701971,0
0.7068061973405987,-0.26631577387089295,0
0.6590859005490839,-0.3339190735437885,0
0.6650453727120453,-0.3740575003495896,0
0.7878181466376177,-0.30431919627919235,0
0.7661506877995384,-0.3394597779220522,0
0.7355565676401937,-0.24492881990896206,0
0.6366900262389824,-0.3001879882249229,0
0.6989200097705676,-0.28988446621834657,0
0.6800225612869364,-0.3747601368030635,0
0.6400554802572755,-0.2708687268084967,0
0.6826955125697112,-0.2351271041228548,0
0.7077379818568342,-0.19381157130367394,0
0.7652674405179346,-0.20508501451083072,0
0.7272112399507772,-0.1739123881809328,0
0.745372506492038,-0.08331284078573001,0
0.6708802418952695,-0.21263820616937937,0
0.6931031064313363,-0.23641712019227734,0
0.7997591318126718,-0.22541379782651202,0
0.7353256894815884,-0.21800291003909458,0
0.7265854756648807,-0.22368411554789372,0
0.7461451575562337,-0.20590777588925677,0
0.7036393889805098,-0.22423179411189328,0
0.7510007178204479,-0.2724490858073906,0
0.7012004081792932,-0.30185589801933493,0
0.796889999413873,-0.3423425654041266,0
0.7454384297879045,-0.22019850506942062,0
0.6317981888587163,-0.275324093237138,0
0.7065957414626393,-0.13394750639419328,0
0.7526529735114366,-0.10608094580239456,0
0.6375798582519708,-0.14692340860366934,0
0.6644900423761473,-0.12734874123372467,0
0.6315610849324607,-0.055532438130075995,0
0.6429735471426798,-0.09429510810888511,0
0.6447468044274539,-0.13975378084982615,0
0.6723144615069867,-0.13513470311764347,0
0.678407646135502,-0.07988052013295853,0
0.6302580537878255,-0.20267430944250284,0
0.6219069198118266,-0.0918550941321145,0
0.7503528535895326,-0.061534947919279104,0
0.7611273442849406,-0.014759498515228175,0
0.7658630823348391,0.031564900426999054,0
0.7034432607777678,-0.02055120972256632,0
0.7292373694587486,-0.04677965413521103,0
0.701623878112164,-0.032178239052939636,0
0.8414189366181484,-0.015403980363848855,0
0.7779282381696375,-0.09065801253778873,0
0.728428254535289,-0.014366053871526938,0
0.6842569541609523,-0.01954110219421276,0
0.6691443227078377,0.07101435107936478,0
0.7708319217901933,-0.026219646063327093,0
0.6436279942717871,0.07176015573511453,0
0.69795166159845,-0.03136500123654465,0
0.626118772509218,-0.05888127902591796,0
0.6518213371960857,-0.1307371410737559,0
0.6851036654193461,-0.1182495766055737,0
0.7282261594004923,-0.052507604711973715,0
0.6548125522522527,-0.0705475205105536,0
0.6396713253598747,-0.11187651145636049,0
0.6770775799250089,-0.05889592664057334,0
0.6451164936455743,-0.04292844627327047,0
0.6719726350388319,-0.022771471993457207,0
0.5936510289543739,-0.013634612887767824,0
0.5841928652993527,-0.01528137768601491,0
0.6492734282148818,-0.08410538802569582,0
0.5999751942411223,-0.0786864236196755,0
0.5454956440538019,-0.022921105629941582,0
0.6234639428270555,-0.01529662791273563,0
0.6147826095903922,-0.02140929581704483,0
0.6252528682981306,0.027989244285224348,0
0.6392635447263251,0.05285214702448915,0
0.6654857331659342,0.08913980837610083,0
0.6477023863148015,-0.03842383105521158,0
0.6119951509261017,0.06386673964947613,0
0.7655640379313349,-0.01234788787770874,0
0.6506381754514461,0.08279288245951497,0
0.6270882730417234,-0.012865677147699275,0
0.5420042221193926,0.03407657998188737,0
0.5929832909986867,-0.024481243515142644,0
0.5636631567876853,0.022487777975750578,0
0.5659451382193791,0.017847814282742007,0
0.5570102593853388,-0.05913214069806213,0
0.5105749927269427,0.009012629892759576,0
0.48413445340652655,-0.08876204543836819,0
0.5100566412796393,0.024249009876248312,0
0.5615172194096618,-0.0015904952662009059,0
0.6029700211142166,0.01377091602655563,0
0.6229733792577841,-0.04594959210171763,0
0.6622237151124944,-0.09151821183287802,0
0.6312223031549894,-0.0683343047727453,0
0.467421439903037,-0.03610553084333514,0
0.559994542031177,-0.03325825242308868,0
0.5910076559684578,0.030645340544323996,0
0.5152412797761302,-0.0011389636774643067,0
0.4639306437693364,-0.017308749582784968,0
0.5993741768312001,-0.0537988095164184,0
0.5566253160545915,-0.05104164012332806,0
0.5323347673834831,0.12385352730575636,0
0.46395227152716645,0.00014946520057952661,0
0.47020602381954946,0.10042321604816258,0
0.5715448703728422,0.11377519429660116,0
0.4775124412640329,0.0671032195699213,0
0.5056226025206294,0.0064060757375905344,0
0.5188999309209553,0.021020451385978564,0
0.5968927308516274,0.0390387652594122,0
0.5171828945533524,-0.010081521789219394,0
0.5061061517878248,0.0012444846613459924,0
0.4529179599706118,0.08695131417044397,0
0.532773145649344,0.06851192979083542,0
0.5560084902677123,-0.0023877823500713102,0
0.5818705546602654,-0.0161414274536029,0
0.5189923242729103,-0.12399929527317861,0
0.3972347502722364,-0.11957075189321749,0
0.4007120451932161,-0.0708907203050011,0
0.4692286731574874,-0.06749459953377047,0
0.453402088939117,-0.023011935342502975,0
0.5039658779469721,-0.07382341634596626,0
0.4778878247635034,0.0035299317526477497,0
0.45486596323540973,-0.05632749482792424,0
0.5261669691515396,-0.007344605672004852,0
0.6591717490994697,-0.12444401856866505,0
0.5617014926505641,-0.07863820353337503,0
0.38869252413944366,-0.09561491049416629,0
0.46780759200585653,-0.0929995804615301,0
0.5530469004227629,-0.1276041659671936,0
0.6025454192229684,-0.1909940068652557,0
0.502522655267623,-0.18566803620467384,0
0.4687872102241739,-0.1681058813633799,0
0.408965345491389,-0.13595472515571325,0
0.4518607422236186,-0.1303326959133752,0
0.48114541544312983,-0.027584466155721105,0
0.42583407218368524,-0.24602172622876245,0
0.5748753229896888,-0.07113451748875957,0
0.5229990840456806,-0.05215405658573129,0
0.5364298197158979,-0.1153907135469528,0
0.5673205121922372,-0.09024474073022151,0
0.5809055519889376,-0.05646998056569439,0
0.5818695106942868,-0.0030249643635206352,0
0.64966223995645,-0.008663224112056243,0
0.7204472713881183,0.14086067731537422,0
0.6304229153987154,-0.07602254322193366,0
0.6901641883745845,-0.059360181588799035,0
0.6023622946549849,-0.04606664128180325,0
0.6478886445846034,-0.04732194729307765,0
0.6311435910264662,-0.11787938748036324,0
0.7599171450595198,0.03632819848891926,0
0.7059659432223527,-0.04482163031898456,0
0.7208413823746038,-0.0042725436879629194,0
0.5882600153767812,-0.015995198363499774,0
0.5989644773404026,0.02400647603307482,0
0.526286718925529,0.020246817101688765,0
0.5380026800814338,-0.011760120434165872,0
0.515826877294338,0.042282966807707406,0
0.5120911833670315,-0.01069764684627389,0
0.5683751638131576,-0.009209426833673913,0
0.5206670144572971,0.06503879814408722,0
0.5529848259323692,0.10238350098661303,0
0.6405301309196507,0.010127426145833965,0
0.6265275962942013,0.09863887597154034,0
0.5510157684414398,0.09973154106040075,0
0.6133681057503041,0.09050072339040156,0
0.5992520620709723,0.08177129801084508,0
0.5813786008158895,-0.017239768261864838,0
0.6085971426041471,-0.07442185151395761,0
0.613053971020453,-0.08760065315290792,0
0.47720012290260166,-0.06610298759123583,0
0.4675755664933204,-0.11939742575066271,0
0.47507150084140753,-0.11352102781085169,0
0.5853171001894746,-0.07288235132287474,0
0.5708638867485833,-0.12907111387756048,0
0.5147829709336723,-0.1268787772132267,0
0.6238068669521072,-0.10887159353081771,0
0.6005927883530698,-0.09415749188828491,0
0.5551057363074856,-0.10330848180005969,0
0.6185635890926319,-0.12120158855458907,0
0.5033007473402993,0.0011978784839047907,0
0.5161580538848115,0.0018453104320069746,0
0.5600949230100017,-0.09127744321240278,0
0.5902369597318949,-0.20744788464791375,0
0.5782772898521501,-0.09824797209662188,0
0.5560675555004284,0.00205562410973828,0
0.5580388709427618,0.01081912688729455,0
0.5537630686449685,-0.03682828420458525,0
0.546197411489526,-0.039217236426849184,0
0.572831588387803,-0.18010984210134975,0
0.5129596705402277,-0.2598089025152182,0
0.5756355072175567,-0.20867306256675125,0
0.5305714017159248,-0.257700386975812,0
0.5268025401108205,-0.19187146084262427,0
0.4802860779732712,-0.3001656582812312,0
0.5493711302904258,-0.2670181796537146,0
0.5528332119657893,-0.18351841495060425,0
0.5129408901758089,-0.2041329939710326,0
0.502726738374442,-0.24540710033065247,0
0.4675796501146356,-0.3132437665107153,0
0.5608445784406378,-0.20567777949745913,0
0.4905478835456056,-0.25856617157356265,0
0.5920654814826561,-0.2535756287556683,0
0.6112305372841724,-0.2891696854785977,0
0.5426121740312528,-0.19683623607722195,0
0.4451891443073589,-0.16576264945195837,0
0.48617253937893673,-0.1556987619176314,0
0.48197013001589484,-0.27800839882869416,0
0.4603691635770312,-0.25211718232655256,0
0.4310776587012249,-0.2437746708189561,0
0.5249680716730587,-0.2993367414413707,0
0.5270422162331626,-0.36789827792210034,0
0.5639146266327384,-0.27808044624723316,0
0.5754920987129841,-0.24511465797275855,0
0.6281501057637188,-0.35072478236293564,0
0.6168587343537962,-0.3061040159339438,0
0.5457826635213286,-0.2184014718419491,0
0.6444468930811648,-0.1895461006449488,0
0.6599029574117448,-0.19550730283690723,0
0.7182978951292746,-0.2973700890224249,0
0.5907559157542652,-0.21912538623140843,0
0.6310280309222489,-0.21886063476737908,0
0.5924700870524939,-0.17606609609290313,0
0.6467723469012154,-0.15412773904629154,0
0.6064738622202333,-0.16957258047237136,0
0.6280847408787277,-0.19218183474131248,0
0.6117358209403112,-0.14683199742691877,0
0.5449620624823828,-0.17856268930897023,0
0.6530749536354059,-0.2041395320632656,0
0.6703656226682706,-0.1855337827173632,0
0.5712564135594251,-0.222603997426857,0
0.6209600761034295,-0.14030774804580554,0
0.6549172688757451,-0.18736248198328637,0
0.6507782824620825,-0.10814141760724606,0
0.6156239567436039,-0.10522147898637685,0
0.6610228669502742,-0.17247396691550326,0
0.5912239147769655,-0.17562061773428256,0
0.6158994848855963,-0.17671220789993905,0
0.5395262974472212,-0.11268033437310639,0
0.5154817004125182,-0.059180525076065506,0
0.5801674567066413,-0.01192678756090522,0
0.5498763996922362,0.07776874537901748,0
0.5473661106100346,-0.03425124197315092,0
0.5641816564739145,-0.03137095698116155,0
0.6544662192305715,-0.05260410825617981,0
0.58236600661473,-0.02329638864913592,0
0.5843191425971204,0.0368562569884003,0
0.5688349667819871,-0.03205745783573654,0
0.580717393137312,-0.06069205207403755,0
0.5019036816469071,-0.1224206031709685,0
0.5493622309736652,-0.05066521191283843,0
0.5398823839051522,-0.11340204522286382,0
0.4965650524282697,-0.07828653395244817,0
0.5347524942661114,-0.14393344276215914,0
0.483967115823294,-0.10254975101694935,0
0.41036547817877084,-0.2004018413055603,0
0.42264027967821893,-0.2003151273902623,0
0.4503859225654277,-0.1911725388942812,0
0.4111792050571671,-0.13446671617022013,0
0.4273849826265999,-0.13965546731415251,0
0.47127048930363735,-0.1353313790513433,0
0.44672533342892967,-0.08376259535452879,0
0.42375055200716866,-0.07424742859654529,0
0.5290257174300818,-0.12856976032839595,0
0.4577233183832416,-0.17856589749698654,0
0.6095713932312404,-0.1676249886917001,0
0.5832473312986156,-0.20542604868275585,0
0.5851266027600933,-0.1526978055716377,0
0.5149032333306995,-0.20147909763835442,0
0.45253451495317276,-0.18358349511522326,0
0.5311419385894096,-0.1150816152461982,0
0.4314163614447705,-0.09343146983029425,0
0.4943520557600186,-0.041086395275658744,0
0.4728992354104548,-0.08001683607581497,0
0.4243966689424996,-0.09512794560532993,0
0.4353413825211274,-0.05742406887095817,0
0.5313300881699192,-0.0020673396535196426,0
0.5155631764762375,-0.0714362854387549,0
0.5730975119248558,-0.01629716629914669,0
0.5354268432385998,-0.08373934133469038,0
0.6001908933704074,-0.09638744771241045,0
0.45159516355438545,-0.0834934313424787,0
0.5195191988036644,-0.1879478533778563,0
0.5876788460666175,-0.06596997984905562,0
0.5019087256145798,-0.024252049129127984,0
0.5181700188615125,-0.18963950024122148,0
0.531817975572608,-0.1445711667275867,0
0.5846529016667082,-0.15231620053997882,0
0.6480727997723852,-0.17425409808096531,0
0.5812414076831589,-0.13378930424430976,0
0.5788997658464173,-0.00835853032581485,0
0.5697192947253626,-0.14236139833753184,0
0.626843249079911,-0.009169857099931789,0
