locus_radius:0.01,nuclear_radius:1,bound_zone_thickness:0.18350341907227397,bound_to_bound:0,unbound_to_bound:0,dt:1,
URA3_FLE_BOUNDARY_GAMALPHtest
X,Y,is_bound
0.1733471489464138,0.8240689489118944,0
0.16758070334097158,0.9451197986971156,0
0.14403530645805207,0.850337140251687,0
0.3160457879669173,0.8666409455126578,0
0.16387599708263048,0.759152432851197,0
0.19587987355397093,0.7258843656323458,0
0.16604796955767515,0.7265558928213751,0
0.08693627372781315,0.6054775768500162,0
-0.00398922675336158,0.600852572964921,0
-0.05165711252857285,0.7376729192386593,0
0.1309936872089747,0.6278157037973955,0
0.22948553414840223,0.6237743471315912,0
0.11207408565756255,0.6333092193985843,0
0.1983926904212198,0.4987400368808346,0
0.16570399313990397,0.5045628418947206,0
0.23635166849286465,0.45759755548083414,0
0.22039178158960926,0.3583635960995263,0
0.043088057602281404,0.3996128330757013,0
0.014418910725594945,0.4132437333852681,0
-0.04141888538712633,0.34062525711840885,0
-0.05859990811636918,0.21250050981960678,0
0.07619871351508245,0.12922155977200037,0
-0.039070911197790076,0.08022826088079553,0
-0.04933000214135712,0.13022208556715617,0
0.1285123398247794,0.10349966800128675,0
-0.06267290558886535,0.2578984152532453,0
-0.22128350037235794,0.29802721388920844,0
-0.08191269956787958,0.21948132076091675,0
-0.20535384903902684,0.26269938631586026,0
-0.15105390539155047,0.29030293323931505,0
-0.018045413376800573,0.24439371568219465,0
0.029556737308017056,0.22262854669630294,0
0.08667284905954709,0.1345831479799507,0
0.247283193210476,0.03411252347533268,0
0.1577701622699619,0.0756878388227287,0
0.3086886969351348,0.04060652767100887,0
0.39698214837536866,0.04421326869126935,0
0.28049629565139866,0.009879646655252212,0
0.23887917753085947,0.058596526969035626,0
0.2949321024630445,0.07959943717000774,0
0.07335656578438937,0.0927925367955859,0
0.16029548021027812,0.21128453943832282,0
0.2464450502580377,0.15168029998654425,0
0.178131280568511,0.08977739204988136,0
0.19686383646835506,0.19316277247567853,0
0.07251133268874808,0.15191037502536275,0
0.30205660019839226,0.08369909334656632,0
0.2025192821288441,0.08828865915903579,0
0.12332003847810889,0.06278277314752687,0
0.1891434298716982,-0.08044319084889362,0
0.13843502305332486,-0.0010699182222449616,0
0.3632023861640137,0.07262978189933166,0
0.36887539189477436,-0.08330998062253962,0
0.3216428276620963,-0.22423583163504313,0
0.08943098546245987,-0.17895666055178122,0
0.08423296713245224,-0.08605063157350408,0
0.15838232413749478,-0.11221344380819269,0
0.19296845308442692,-0.12228345405682237,0
0.06313787455829686,-0.24628732131827893,0
-0.10765681030700924,-0.16103466098013136,0
-0.29361924017978946,-0.20549183494691664,0
-0.42880200576127336,-0.2600700385708701,0
-0.32588281318197304,-0.13209955549409133,0
-0.49965671246530424,-0.09818897649988863,0
-0.4286840349736778,-0.1880405675690831,0
-0.255284634167283,-0.1839187152902855,0
-0.2161977344080933,-0.14022487805613568,0
-0.15346414235914213,-0.009133013142560015,0
-0.12261111678520495,0.011890296311041507,0
-0.07264295300015158,0.08732831574255911,0
0.015081501845662995,0.09696196612466919,0
0.06348075335143179,0.01360590399482152,0
0.11809708181471215,-0.049706262205525806,0
-0.00432291800253326,-0.08554480821174777,0
-0.08980554715657568,-0.09181948766713434,0
-0.04430773021324433,-0.13143777229402281,0
-0.02631757757210905,0.02782095712422672,0
0.03704039336914247,-0.025026615059956292,0
0.0013819586606257026,-0.16569148052147467,0
-0.024550832463895347,-0.20367056892591837,0
0.025091756228983637,-0.3771384166095578,0
0.08017455861154513,-0.41740334459630807,0
0.17379311247771662,-0.30459216977115783,0
0.28150008040529295,-0.3539277306982116,0
0.31987456044549434,-0.21565469385630193,0
0.28190303493385716,-0.2069520883466551,0
0.31211821778229076,-0.24829351885644724,0
0.204991328182152,-0.475070099391772,0
0.2385442891706856,-0.5363769919963025,0
0.375872582252756,-0.6544637025217039,0
0.19699575085652318,-0.6238455587312516,0
0.20456091225469464,-0.6769676779360863,0
0.2137528170869655,-0.5741794183664167,0
0.16812287108731422,-0.44743298789907404,0
0.09388567444335913,-0.3968134512986539,0
0.02094578464868671,-0.46403209731811373,0
-0.010622491211144384,-0.41351199976192105,0
-0.01295146546241569,-0.3295883764453124,0
-0.08006795103996163,-0.2846862130000084,0
0.009037856744193329,-0.34823319514108775,0
0.03527032737559674,-0.49274762922887083,0
0.03360629298549812,-0.5510562532445468,0
-0.03449894354817808,-0.4366355062448398,0
-0.0086991663453207,-0.6663918002268765,0
-0.08459235174486582,-0.6458186003843571,0
-0.08364319409681045,-0.6196914805053878,0
-0.21972829163367674,-0.6364416749571208,0
-0.16609188796283852,-0.6194380076178859,0
-0.025691181357510945,-0.5780390345396023,0
-0.024064932365219664,-0.610973839622847,0
-0.020002869564079213,-0.6277208364948019,0
-0.03565298198124664,-0.7797309323260713,0
-0.04483837630156763,-0.819653605018091,0
-0.014070623633123537,-0.6987683496221462,0
-0.06854847700708755,-0.7116343947500141,0
-0.07575092110223831,-0.6855210019029158,0
-0.08530023942321267,-0.7126645243613271,0
-0.14427697172660742,-0.7796342846466863,0
-0.15794075969951676,-0.8101119318331224,0
-0.14031320885539852,-0.8107821719355268,0
-0.26721233561124436,-0.7986035819504855,0
-0.2887710900626771,-0.7561189032734514,0
-0.2144080424453439,-0.8007412821670047,0
-0.31015656868414815,-0.811695336473195,0
-0.24250045859357588,-0.7409558621513028,0
-0.24638207838128484,-0.7023088663308555,0
-0.24145649734334462,-0.7141124510316599,0
-0.12145182599728588,-0.7130460840304335,0
-0.15610738370136062,-0.6376545153010567,0
-0.1755691916442296,-0.5669863413408005,0
-0.09774371932132032,-0.513338777019166,0
-0.0970589267618671,-0.5066550674072563,0
-0.04424412390923955,-0.5511656980181354,0
-0.09451994906265582,-0.615581696827368,0
-0.00643981756456688,-0.6561026629592019,0
-0.0020043412578774015,-0.7059656195505121,0
-0.07612349147206916,-0.7777747394713911,0
-0.08590970508544629,-0.853116087453145,0
-0.04487262922860819,-0.9403900700175896,0
-0.238405905860936,-0.8918918693425255,0
-0.34182815485150175,-0.787383438648313,0
-0.31436302526833676,-0.827004857969783,0
-0.1968542177788638,-0.7988194227082566,0
-0.15605229745850147,-0.686162775065941,0
-0.11946485006313243,-0.5327856470821093,0
-0.21592704431315013,-0.3770741262566815,0
-0.041246554345441416,-0.38383887251014187,0
-0.05690398448777437,-0.40853000480149426,0
-0.11395364627529142,-0.5452861321117274,0
0.08992862961698542,-0.5738196558952441,0
0.1534100039377059,-0.45046493344640015,0
0.15757436807823658,-0.5534551660310063,0
0.21705399135380873,-0.34357649151686065,0
0.3430467759000218,-0.43821882709450904,0
0.3520310449441022,-0.4736892105601348,0
0.3006392857282329,-0.4958606449376947,0
0.2967288234405148,-0.385826137496702,0
0.3097762597793641,-0.3099732854305397,0
0.3229231398780811,-0.4005700169947165,0
0.3271656281959298,-0.3273302882281413,0
0.4427264574287788,-0.34730442816071505,0
0.5083921333511636,-0.3518850123825942,0
0.5591525256358115,-0.33321427896086286,0
0.434458830560021,-0.4644569641655203,0
0.4542619661523944,-0.4581340045300214,0
0.4825174960448596,-0.48502757441377103,0
0.5982247575217744,-0.5239091934377957,0
0.5792338554550723,-0.5009303366189053,0
0.6642123855215376,-0.4041739388359683,0
0.5533552610731717,-0.3862616433934731,0
0.5050055165623417,-0.33442084238735964,0
0.46215271594974333,-0.445347855395796,0
0.5121938279665388,-0.6023825429641029,0
0.4395365973159953,-0.5700222681187378,0
0.4312203546132273,-0.6950913889608372,0
0.41630319612191197,-0.636957051106287,0
0.5546338655052546,-0.7092940517135591,0
0.4817233169258627,-0.6400073379627012,0
0.47398268882907374,-0.5957997626904835,0
0.40812599776358527,-0.6948092436085986,0
0.47611900718831274,-0.5566753576941115,0
0.389779656454521,-0.5699320660155168,0
0.4907235783431475,-0.5241391569734466,0
0.5643059021798563,-0.5877294856653632,0
0.5691545327105183,-0.5921567833448247,0
0.5820413652941897,-0.5676668717971183,0
0.6753397866431858,-0.5597618263286643,0
0.6196849676106471,-0.4922438195423704,0
0.6587493612855915,-0.5187117567789812,0
0.6070565993961959,-0.5232523704961158,0
0.5961565771470028,-0.46534665700693484,0
0.5993927939406701,-0.5088979197604975,0
0.5158921469508024,-0.5657405523797184,0
0.59782985880035,-0.690138567789897,0
0.5749210121368876,-0.6243254879047753,0
0.5862679445347782,-0.42258544775118734,0
0.5555342496344104,-0.5244717434239836,0
0.6482208348056864,-0.44168102823639305,0
0.44572106629006425,-0.4821088612566465,0
0.3850229156182178,-0.42740804673605814,0
0.44974452326340825,-0.3339133709606073,0
0.4861491564763625,-0.4582694915953208,0
0.4593506466494368,-0.5464294434719179,0
0.4753486856639103,-0.6668801274330234,0
0.473513401474857,-0.45495683036465917,0
0.474908594748744,-0.38283843058501976,0
0.5421944792795912,-0.5262660073148079,0
0.5460886445648944,-0.5807233360177024,0
0.610628961279304,-0.6006683199066385,0
0.6546885114915862,-0.6404244124466242,0
0.5887426036024982,-0.7810914137869983,0
0.6209380840598693,-0.7313667831219874,0
0.6213745795255564,-0.6785283771817651,0
0.5482709714815895,-0.6375429970314345,0
0.5379775959276271,-0.7560743140261055,0
0.5342335015095203,-0.6786352037666794,0
0.4327144477347158,-0.5853774820252601,0
0.4217292469357532,-0.5979056563831903,0
0.4093030033271924,-0.699359162627445,0
0.2657615075067254,-0.8002098031622382,0
0.30488779224547774,-0.6977190479938681,0
0.35430856961291496,-0.5016479303049233,0
0.3623264071807413,-0.483258003878969,0
0.3938320406472266,-0.42167979908143904,0
0.3447902966885292,-0.36039630535985756,0
0.260473342966605,-0.46235275792316266,0
0.34221002330022615,-0.4810918854238033,0
0.12167137209319498,-0.3989109128012344,0
0.15679755527818864,-0.31157269789078834,0
0.20323450421729067,-0.25780432079662247,0
0.23117473017278592,-0.18559716515261226,0
0.25935472161317685,-0.2677883649994368,0
0.23743384493868758,-0.3199587283047472,0
0.18134610877122154,-0.1666165884355853,0
0.14103701979187694,-0.14178783286157046,0
0.004997986671223753,-0.1451932532949296,0
-0.09674237817484158,-0.08714324992683917,0
-0.0322758226367265,-0.10813884669952346,0
-0.09172450225012081,-0.2003960201678642,0
-0.19620011620216626,-0.16390825456596209,0
-0.29924771674854067,-0.20629784229484335,0
-0.2227715763133878,-0.14348035308745344,0
-0.35204664387469836,-0.18919097624758974,0
-0.24038629935194683,-0.1590852312082932,0
-0.2762202492705546,-0.24908857555478897,0
-0.22482075589034728,-0.3626923599916552,0
-0.09039483295880998,-0.38716132560784355,0
-0.1501874626651866,-0.24857803271837187,0
-0.10802122558166229,-0.2309755407448516,0
-0.1007399893029882,-0.2546254153960024,0
-0.1331323498973076,-0.25805142997726993,0
-0.20554896843233056,-0.2565655357260546,0
-0.0865608799383359,-0.404551844724175,0
-0.03934037216705438,-0.30868983762611635,0
-0.008398549022981941,-0.277274698124918,0
0.07252356652991322,-0.26289195421977796,0
0.07415007254862933,-0.14005067660253012,0
0.19296391509639496,-0.2660441425820682,0
0.2799218566636511,-0.27567403489970854,0
0.25935679139518275,-0.2324882744187241,0
0.16680322917074197,-0.17995822924687904,0
0.32235965146379286,-0.12463634473642181,0
0.39691948248724773,-0.04783364292308305,0
0.21285017922137697,-0.05002665710351646,0
0.2505485564477382,0.044801937332353256,0
0.27937231117935585,-0.015974389858227356,0
0.21458903943045865,-0.047318689563396944,0
0.2796572343804134,-0.19583459000278713,0
0.26026880885037645,-0.23440776631048676,0
0.37511914273622193,-0.0897027236631143,0
0.4151723592767176,-0.195337424028242,0
0.4365430807567308,-0.33496594529371326,0
0.41338968564513184,-0.35668905288427516,0
0.3588246449986438,-0.3276527095587462,0
0.35893657787734584,-0.3582375160640466,0
0.1875240345823487,-0.38652326312664187,0
0.3404381582847676,-0.4057933941431229,0
0.33323282968573964,-0.36797611288307547,0
0.29769918556758057,-0.46679060093327657,0
0.31674272775978124,-0.36866502270263135,0
0.3950199513259574,-0.3468363616526729,0
0.6098607926790401,-0.27558330340089227,0
0.5384749787371134,-0.46187034286449324,0
0.6445512526244409,-0.4875397046281331,0
0.5951992440262163,-0.5127473908442515,0
0.5947211396082571,-0.49277436584514483,0
0.5234871739332378,-0.47441261417980757,0
0.4310364236405554,-0.5609310310916281,0
0.4716097268663252,-0.5366155076014529,0
0.43813737431905775,-0.7302634134058147,0
0.4143579177007362,-0.8245451353869016,0
0.4142485160866373,-0.8753552153691703,0
0.42284284317463583,-0.8833846511978186,0
0.5384542040115451,-0.7698842199989149,0
0.6352312422378003,-0.7357363245209252,0
0.6336930907290691,-0.7004183453850489,0
0.6173235674483454,-0.699300280967319,0
0.5905257416294104,-0.626102317600786,0
0.4352412293055913,-0.7847104808366528,0
0.316236627636865,-0.8701424248872072,0
0.22805164494871522,-0.8828193383132533,0
0.30537113872868116,-0.7770640367514787,0
0.38984364073141153,-0.8009107643989637,0
0.28420770375961263,-0.7332019411307783,0
0.2921191413509514,-0.7182334145935223,0
0.38263666799730056,-0.728319688540146,0
0.20765708304319316,-0.6502527220217145,0
0.3448101610801796,-0.7188278886699067,0
0.4038581594317352,-0.5359693116318189,0
0.3559584323422367,-0.5476460670815608,0
0.27123411581651746,-0.4322255797710991,0
0.2524141589113462,-0.6028444222450391,0
0.23259801855955115,-0.6832497681396913,0
0.3088548340960949,-0.7899391715943546,0
0.21046131256501563,-0.9245992366544185,0
0.12393112772304536,-0.8533119421376653,0
0.1711796293206802,-0.92634273521568,0
0.19040096798796238,-0.8642985634451852,0
0.13126348088318923,-0.7656757678283689,0
0.13644186368063121,-0.8090043819135577,0
0.18479179443935112,-0.743340765213059,0
0.13758105682012717,-0.8524515930904957,0
0.14293914873742822,-0.8563168256877579,0
0.16630761411032857,-0.8682733990319959,0
0.2352627591352252,-0.8841096758307176,0
0.2489404156133202,-0.9513551456968707,0
0.228798850580553,-0.9395930152058525,0
0.1936139935033117,-0.9545500813445082,0
0.15966237019483903,-0.9353374143539448,0
0.106303328412958,-0.869214574273366,0
0.19696086880029928,-0.7516247174645277,0
0.2887660417268353,-0.6811405027693922,0
0.39644178065868063,-0.7075861891694296,0
0.43320718006458125,-0.6885951518750751,0
0.5898558935398976,-0.6844024631936269,0
0.5625880863855452,-0.6594478085172912,0
0.5358804303062835,-0.730181755491671,0
0.43959983019854626,-0.7720606714557134,0
0.44406162218060585,-0.6437575899220547,0
0.5487240921176911,-0.6522792036666908,0
0.5252806405771633,-0.7466457178134301,0
0.36177020102768187,-0.768331541606529,0
0.3333902321361778,-0.6238116554032435,0
0.21028184712954523,-0.5630290502774019,0
0.2570857459439282,-0.4633500162055315,0
0.28442345715097644,-0.4251882380076531,0
0.28008251129692996,-0.45933814708849774,0
0.22548575233118395,-0.47695451454333504,0
0.19891032313733858,-0.38533616215599076,0
0.24366968776730374,-0.4775111427832825,0
0.1635812248892957,-0.5071396911403313,0
0.07260596578466018,-0.4741661891876322,0
-0.0674350660083539,-0.5020863488222378,0
-0.1702910131419601,-0.588269742255322,0
-0.09229053694833365,-0.5538023216229474,0
-0.202708847504224,-0.7183261034469841,0
-0.3198535179211033,-0.6404943882898797,0
-0.23634058922344658,-0.7342145572618481,0
-0.32531769421293555,-0.6598211299190604,0
-0.25250189699951453,-0.6970717242700929,0
-0.31300986710257517,-0.7879423166748004,0
-0.36765091392421173,-0.7723948025843351,0
-0.4341180864582762,-0.6575785708271321,0
-0.5048870502359819,-0.7510345480277764,0
-0.5710279344954615,-0.6272981538684272,0
-0.7663863344410082,-0.607668673567195,0
-0.648876484814571,-0.5377458582482025,0
-0.6464317146010696,-0.47868036179949,0
-0.7218135383502735,-0.5657064975202604,0
-0.7202631405805168,-0.5276467165939416,0
-0.7751579086250004,-0.47860757970980783,0
-0.747143954360859,-0.4915591284123979,0
-0.7988305066873669,-0.4258093968016897,0
-0.8234928732823997,-0.34784274572519874,0
-0.7658537522768918,-0.36910706932693954,0
-0.784982533677297,-0.4214758804472584,0
-0.8295858910271701,-0.3528491424927682,0
-0.7806025427531798,-0.4086551067921267,0
-0.6475100846770069,-0.4304539092255109,0
-0.567215551030605,-0.309549012616127,0
-0.5313219093283496,-0.5018180218751099,0
-0.6160112933016535,-0.5805771817008808,0
-0.5342802407059324,-0.5703785693367108,0
-0.5284445138270035,-0.5272775837196969,0
-0.49863979501787614,-0.48334453627913376,0
-0.5153486182897963,-0.5483415641337472,0
-0.47017916228000006,-0.43755099191743346,0
-0.5167417461825198,-0.40018794358822385,0
-0.6008909495995998,-0.2871339182322965,0
-0.5519771932877198,-0.23209426580951775,0
-0.35683220346845457,-0.1844434568130831,0
-0.47230246763669775,-0.008149799655988749,0
-0.5157709707793284,-0.06708452322641359,0
-0.564844996358271,-0.08941633276275293,0
-0.6912063991190137,-0.16596577975331595,0
-0.6105120731585069,-0.12059001609940137,0
-0.6298592281289871,-0.1358337051030537,0
-0.6444313184800781,-0.06895087247630625,0
-0.58200914256303,-0.05600329145280072,0
-0.5726726218653566,0.04202244560753483,0
-0.61611976707792,-0.04407060516549744,0
-0.7024075231799051,0.03292483132304328,0
-0.8139859880279386,0.09090051264607174,0
-0.8809124707400585,0.12767046802954374,0
-0.9860567716446104,-0.009771246059769784,0
-0.9036714343966213,-0.16524242501370898,0
-0.7837055624100122,-0.18234645293355373,0
-0.9158055857091011,-0.09934180580515199,0
-0.8626665982873385,-0.20424183401665547,0
-0.8866849485792687,-0.24192069292493562,0
-0.7983834148501915,-0.26157722023607427,0
-0.8367875204571075,-0.3380239259592928,0
-0.7956635969267174,-0.17728237014986167,0
-0.8600123937532806,-0.04548314355405425,0
-0.9823081666628296,-0.11748679373642579,0
-0.8752690408177246,-0.21149464306475219,0
-0.8667430844098712,-0.1899223184471619,0
-0.8230261782266881,-0.21125275766406948,0
-0.9445108927765659,-0.16933801010494515,0
-0.934683594106134,-0.039947688199560905,0
-0.8988741138012484,0.04773142069885518,0
-0.8092437011028232,-0.05572843179507814,0
-0.8215264495892532,-0.05078456232852585,0
-0.7710288224271141,-0.16910355896810383,0
-0.8239170296222075,-0.27389058342308065,0
-0.8183256967575399,-0.105957691359503,0
-0.7206512993088772,-0.18794833957842777,0
-0.807052100476569,-0.2475155768936723,0
-0.5901681395130551,-0.1542154393222449,0
-0.6755449408475868,-0.07112170317822807,0
-0.5866293475411437,-0.06887619304418359,0
-0.6855497865546312,0.026112991008143766,0
-0.7885801891586194,0.032207874814204854,0
-0.7175283197073598,-0.07625472010152304,0
-0.7891647519866837,-0.23289036621209747,0
-0.7977870181256996,-0.1590244634478794,0
-0.9037887273436189,-0.16353746423912865,0
-0.9152353307363756,-0.02049309572816288,0
-0.830800532256767,-0.015302874822816025,0
-0.7715457430444607,-0.03482180475594023,0
-0.8392035591832837,-0.10879670441759498,0
-0.7797016711308979,0.01364257759821691,0
-0.8688363258699694,0.07256706013709191,0
-0.8939048741251385,0.011987548831899696,0
-0.7337629327899546,0.08330580045655908,0
-0.7667956892198986,0.05815131616135353,0
-0.8268780853191818,0.10375733519718489,0
-0.9393311960449188,0.009623719453363766,0
-0.8835837279778482,-0.07984066446143102,0
-0.9079732523743937,-0.1662673732271479,0
-0.8544227540004,-0.05781292943432764,0
-0.8660092137808056,-0.15448134825763737,0
-0.8830547747259467,-0.17399551697011056,0
-0.933611358714446,-0.22015291346094723,0
-0.833666677953637,-0.10008138347063905,0
-0.7404164175592195,-0.001346951461022386,0
-0.8069160870646966,-0.10998973639283552,0
-0.9829575850588007,-0.088803054833742,0
-0.9306546189010964,-0.15210497268512305,0
-0.8455504536720913,-0.21686711258279573,0
-0.731100880570417,-0.15373431696137568,0
-0.7944695894558859,-0.13695382171739498,0
-0.6426098899318522,-0.23388499324077322,0
-0.662404112076218,-0.36042308424824554,0
-0.6590415570338459,-0.3717739199306158,0
-0.6472771942887985,-0.2899845666823051,0
-0.6729443881520915,-0.2390649769181154,0
-0.6918376346214715,-0.35907111623838545,0
-0.6413467289056118,-0.28080037084176257,0
-0.6221843852160555,-0.20324875276103951,0
-0.5337578572969239,-0.36166845556513816,0
-0.5924765725625514,-0.28930248921441387,0
-0.6990437696066059,-0.30541203282542795,0
-0.7210335895186419,-0.21782165425324967,0
-0.6463172890550603,-0.4038216469062649,0
-0.7032831109694484,-0.4651264031580146,0
-0.5673268916246637,-0.4324176951139532,0
-0.6665978598898915,-0.49066320696333404,0
-0.8194627348969972,-0.4026919346310271,0
-0.8638679598289918,-0.31329817793812664,0
-0.9251130835763834,-0.23795335231531625,0
-0.8869601338259167,-0.16328579880476654,0
-0.7026976708351825,-0.20732502704021044,0
-0.7705359469670868,-0.13074157092553051,0
-0.7847271360774407,-0.1479099110820196,0
-0.799919781735979,-0.13422656844764397,0
-0.841852480136681,-0.1036994896268597,0
-0.9084484447925454,-0.11433771753572838,0
-0.8506280520547761,-0.10276566997564791,0
-0.8394982201565968,-0.13073407607393295,0
-0.6793238054758844,-0.2358825476517486,0
-0.6551954907696999,-0.07813527657844965,0
-0.5850003508164986,0.020596275695759517,0
-0.5196472119434264,0.03340206945655995,0
-0.5883861967717837,0.1316634795108913,0
-0.8285119770712239,0.13349325640212792,0
-0.8631164179069527,0.1861015268077786,0
-0.8153286883413318,0.18462348341392518,0
-0.9595020568244357,0.15226368098183451,0
-0.9561382517690857,0.012799207457340811,0
-0.9728902630890133,-0.008698854819400987,0
-0.9495009296850777,0.06878213494127998,0
-0.9771987461107928,0.027789217619809528,0
-0.9172231852679577,0.11086785541138929,0
-0.9411775652460453,0.016330595182113716,0
-0.9129634245578706,0.07213591272371173,0
-0.8284456598497493,0.21520332099420003,0
-0.7048082105164846,0.18626867227303331,0
-0.7170178764065352,0.2007195002149221,0
-0.6221091631657959,0.11203474097877344,0
-0.6342483894234308,0.0576059308860836,0
-0.6665023482137415,-0.012306957530713904,0
-0.5737389604240277,-0.12098920145560296,0
-0.6029606780532661,-0.20823586139996347,0
-0.6313682472935459,-0.22926627333051133,0
-0.6264674336887414,-0.28380368758876445,0
-0.5833479388770026,-0.2620361488268876,0
-0.5802688596958392,-0.2398398799110893,0
-0.6649123399074756,-0.1261098102119932,0
-0.4796989343724425,-0.05833611212975838,0
-0.6340073941356681,-0.1497099721576648,0
-0.6189281567997638,-0.18688841470922052,0
-0.6297623693792307,-0.15881492845274706,0
-0.6690855110892407,-0.1594445185106959,0
-0.6747060364459252,-0.06095617113747301,0
-0.6850483147111104,0.0026204827770618944,0
-0.5669656603855069,0.005093896380951554,0
-0.6067573249390842,-0.0582696135308391,0
-0.8065136592164805,-0.15663447917166146,0
-0.7043957538614908,-0.2625303994895357,0
-0.7643059746082762,-0.3119539815036397,0
-0.695245266650899,-0.37400205302583583,0
-0.6206722059963439,-0.30268450679948644,0
-0.643801691265147,-0.3164903965545189,0
-0.7574314486747039,-0.31789879283672,0
-0.6950120427335942,-0.3741100794951924,0
-0.7431500433889354,-0.22602099167918238,0
-0.8556459095833818,-0.200561347031391,0
-0.8867076922366415,-0.13080470422685897,0
-0.7888381656207837,-0.086658843674185,0
-0.7627520380059526,-0.009210079793405934,0
-0.7979245172931461,0.06208792373317018,0
-0.7944254364156687,0.0784387324178929,0
-0.738095555317248,0.19107810431406982,0
-0.6214604083407815,0.03242373204913382,0
-0.5595011439660946,0.009295679833030222,0
-0.5473058608122099,-0.04047638056755109,0
-0.4844500395090477,0.050726221893376965,0
-0.4426029074913841,-0.04802056199581032,0
-0.425931710710104,-0.13541517627031568,0
-0.4988872107076007,-0.12147184235336878,0
-0.5085023879314547,-0.0926703301470757,0
-0.49949348842282104,0.00922276065810887,0
-0.33591492838080433,-0.1319564396010041,0
-0.26679952649817457,-0.24697184443676673,0
-0.299361853372832,-0.11121949138689494,0
-0.21153535271732218,-0.29586376365916967,0
-0.3651718742486376,-0.21833860069050992,0
-0.29579182733219567,-0.08935345175660087,0
-0.21172032683861927,-0.11891875294784063,0
-0.1974119826520822,-0.24211609676231177,0
-0.20125237067579876,-0.256289868712695,0
-0.26400244509648235,-0.2275867177026505,0
-0.20983339629021994,-0.15129617038946086,0
-0.30527274980930813,-0.17816409027177224,0
-0.2770121903958274,0.08346200378759114,0
-0.22065252418458048,-0.055940594900636964,0
-0.3560539062865732,-0.24140473154931516,0
-0.3357331800865781,-0.1691890414943979,0
-0.5543051984229013,-0.2369799775821542,0
-0.40681568676038155,-0.43947657412994523,0
-0.5171228476411966,-0.37310119201051933,0
-0.4756733464867938,-0.43877215712578893,0
-0.5561484453691322,-0.46712649030158593,0
-0.549562401016737,-0.5711436347000809,0
-0.419516244291517,-0.5129083714875395,0
-0.42657721905909096,-0.5793989731193291,0
-0.3708345953928329,-0.561095476262055,0
-0.38073170302837267,-0.4055371107322032,0
-0.6454222113698364,-0.5165015712695414,0
-0.6845179712700472,-0.6121245114905396,0
-0.5983170050162028,-0.6780315549535809,0
-0.39655016265983334,-0.75617492268099,0
-0.3429698943409845,-0.6216638976097089,0
-0.22260115570901323,-0.5874072034221699,0
-0.25009265137127656,-0.6019652874298694,0
-0.19703411032822837,-0.6205225573654194,0
-0.2955027628745457,-0.500680662258763,0
-0.24289688451270122,-0.4314677639658722,0
-0.11581743561990579,-0.35897524751276433,0
-0.0959374466291972,-0.3948736892819535,0
-0.05299637866104295,-0.5239116498250749,0
-0.11122072333753964,-0.6404598708700647,0
-0.3091907468899611,-0.6802290982939376,0
-0.3462796444871381,-0.6094769300834437,0
-0.5056375085474197,-0.4428741232338991,0
-0.5716417575429747,-0.33013030362087165,0
-0.36023596136764724,-0.31304038579061666,0
-0.40116039128206515,-0.30387415246092814,0
-0.4896001494459731,-0.3442785844341995,0
-0.47407968129959444,-0.2936667420426726,0
-0.384220542887068,-0.22768320968746053,0
-0.5823717343548233,-0.2407863110322652,0
-0.5380524896074912,-0.06478089699569842,0
-0.38185348434064836,-0.030388700736832017,0
-0.18346619336263748,0.06418803561995677,0
-0.1696125506981061,0.0450173162571776,0
-0.13924290243029105,0.03898230058658113,0
-0.20204481322417922,0.03325261649096113,0
-0.15398737711521404,-0.046568939962071565,0
-0.21806820450791758,0.06879200456885637,0
-0.07130738810200038,0.014110052565888168,0
-0.06522372923406095,-0.07813447539183788,0
-0.14086472937268008,-0.04154630859436596,0
-0.12643417011645436,-0.017738137181289637,0
-0.06869922589209627,-0.012210739972521676,0
-0.11964437953387609,0.19276971257252293,0
0.03770960902268573,0.18939905832304726,0
-0.07033895238803314,0.1649254332169994,0
-0.2400803030794511,0.2073302278419952,0
-0.2689671096254578,0.2204753514939246,0
-0.15293072737069746,0.23767202264761136,0
-0.08245111785934221,0.17520624472788576,0
-0.15145090498651353,0.23391153618371036,0
-0.17962613721478785,0.3005243009940349,0
-0.27255090957736045,0.37538270363265097,0
-0.2689278216998014,0.25845877743290957,0
-0.29485007690295356,0.1951506419562773,0
-0.28546383562537025,0.2441232872630907,0
-0.28297004637191575,0.24529447812062538,0
-0.4218427866521868,0.15783923400421562,0
-0.39797184605648933,0.2203687015767936,0
-0.3889637824322939,0.10198372350713673,0
-0.47874057331987047,0.23877869844935856,0
-0.33965251893444437,0.26359945381132516,0
-0.37582075826818817,0.28190769743450955,0
-0.57427455758796,0.05440201681794496,0
-0.7232247953720867,0.05026284665894396,0
-0.70460124908635,0.03775918257211679,0
-0.5615501054162912,-0.03670435644863318,0
-0.6785603143081321,-0.09750490509703169,0
-0.6378552062188306,-0.11797597927781336,0
-0.48221056558707986,-0.18809435286477189,0
-0.41770356604555314,-0.16033463726951636,0
-0.5377322191910853,-0.12518970349668695,0
-0.4138019093078147,-0.14043070104420377,0
-0.3862294874908148,-0.0460888484931057,0
-0.41186198376027694,-0.19598783009186233,0
-0.45124821412626853,-0.16877729037486983,0
-0.5311302576914109,-0.21316190894626547,0
-0.34845658225426857,-0.29055152573454207,0
-0.3435708183651115,-0.30318783566722113,0
-0.2725645993932383,-0.36872477600724907,0
-0.23664142392647852,-0.33347187166870634,0
-0.2211590504605564,-0.3782013229238116,0
-0.18244819723543892,-0.3820311560556233,0
-0.1306051823831099,-0.43056503133900326,0
-0.20148192314272909,-0.4309416772516099,0
-0.30538947023305263,-0.3450851911291273,0
-0.3104826381200278,-0.315922571846166,0
-0.19623349783868171,-0.30541368426404425,0
-0.1864665682769541,-0.27975211281980844,0
-0.1609204702792293,-0.34092983022100465,0
-0.11340955120793031,-0.3850906081572632,0
-0.03269612686469689,-0.36179792956605705,0
-0.0534581883671798,-0.38637013033156914,0
-0.11734952027021775,-0.35886759441083155,0
0.030568835942798023,-0.25362299053959686,0
0.047828106758874465,-0.25662970028861076,0
0.15204612687197558,-0.36567689054525987,0
0.10014011323390368,-0.25241241553719473,0
0.11326941865286967,-0.21546194638127467,0
0.1351331190087275,-0.29623136745855566,0
0.032619282062685176,-0.33805519106126347,0
-0.033983836702021125,-0.4369984618326477,0
-0.025421309795961956,-0.5246097651127114,0
0.04942750386679347,-0.6800127952151143,0
0.023405851063196564,-0.7232058646783901,0
-0.04851373669647667,-0.584044855904758,0
-0.0802071793258737,-0.5684278480461363,0
-0.14494785342560962,-0.3816723095760629,0
-0.16321433021917353,-0.3731112736152384,0
-0.2121704711653819,-0.301169566875232,0
-0.2824199803090651,-0.387291191447261,0
-0.30898182472391833,-0.3739779218540829,0
-0.3602976353185978,-0.3908787154605214,0
-0.39119985609948177,-0.37246172400815886,0
-0.35154643936743096,-0.43319428696868745,0
-0.33563338984580954,-0.36501204513144603,0
-0.26413518814939185,-0.44090656740117407,0
-0.3010253822557035,-0.5700507822132066,0
-0.3749939117668196,-0.5947472900547799,0
-0.3899614891090397,-0.6364852171718357,0
-0.3871984890345327,-0.5611045373473484,0
-0.4682140280635255,-0.6603058901658234,0
-0.28470993703107605,-0.6354706272682767,0
-0.16483183477553012,-0.6954209538196576,0
-0.14474987763334532,-0.8024624706450928,0
-0.027481791933033337,-0.6279438055608966,0
-0.1858395114255752,-0.7123375848461679,0
-0.222897596501167,-0.6909355920529436,0
-0.12914133530751318,-0.6622074470918429,0
-0.08135546837660096,-0.5429826463943961,0
-0.05339249030364607,-0.7388463975846637,0
0.10319526430158935,-0.6792776926586128,0
0.23459300260304777,-0.6583059253991183,0
0.09806856179809129,-0.7792565603639616,0
0.08139160423790313,-0.7792728690579719,0
-0.04058162077315412,-0.8988683584227753,0
0.04512405209654377,-0.9220749296397684,0
0.16724418383376483,-0.8530566857553111,0
0.2707575711794282,-0.772661590256643,0
0.19032389380038595,-0.9514885041059551,0
0.1510270352535027,-0.9526334411373673,0
0.15377004503434372,-0.8331214806333765,0
0.24089204234363393,-0.8115053289611244,0
0.37873057608900806,-0.9081799473030359,0
0.3168073016211813,-0.8933884703938488,0
0.2751546994929094,-0.8998509773047177,0
0.23424513580930176,-0.9573921794959566,0
0.22725305762696815,-0.9443181789600925,0
0.3633888082194242,-0.920623693341315,0
0.31756751024909846,-0.8839189650593992,0
0.36606983669386406,-0.8147589107605508,0
0.4444720193687762,-0.88076952839249,0
0.38797914142252854,-0.8250512411634083,0
0.3518523765424086,-0.6516076373162314,0
0.46568921627775894,-0.5757194500750566,0
0.42784236470332976,-0.5639553211114714,0
0.425017544249292,-0.5794805287839879,0
0.23760615760784376,-0.5182791287029828,0
0.3171842797372585,-0.6036121632931897,0
0.23636651675114395,-0.5914182614954131,0
0.18711954723793955,-0.7713713077470253,0
0.21942860788064888,-0.8232277820795895,0
0.3773114805534852,-0.8643867587623738,0
0.34614922181562074,-0.9227604246478674,0
0.3315028418678602,-0.9128759362939003,0
0.3411648564781988,-0.8741686178278265,0
0.3054800133721746,-0.8220628141566672,0
0.2503365582224907,-0.8502434440102905,0
0.3021196913945447,-0.8826180830836526,0
0.24222403297184092,-0.8813514026900225,0
0.2722877401273137,-0.817509315624032,0
0.1243704535115207,-0.7317221137326304,0
0.07887160555581146,-0.6759004539929305,0
0.19755610676701318,-0.7509247428278174,0
0.18329569907573934,-0.6948540105867617,0
0.29989172973987843,-0.8049235330656259,0
0.2649592214857626,-0.8639142857485302,0
0.2745349926241089,-0.77664277004394,0
0.21831567702938984,-0.7580350233444326,0
0.17084538538831595,-0.8853258543264919,0
0.08158209445817141,-0.8654039805727495,0
0.09292058086238791,-0.9262645606743448,0
0.012703989919318481,-0.804631842573591,0
-0.034206131976748884,-0.6873449828064728,0
0.017083746410244016,-0.74147043895022,0
0.009114292036041392,-0.8143780953872687,0
0.13576820253271238,-0.8142252431715487,0
0.2668948683548876,-0.8583552974218523,0
0.37228729931208887,-0.72032428384122,0
0.38650173914103236,-0.7724751697894088,0
0.331466831373023,-0.8626138496965313,0
0.3646804514684742,-0.7707409148000982,0
0.2909138113825057,-0.7048486118952081,0
0.35429013635249657,-0.6162854821647938,0
0.527093936395242,-0.6179080479953734,0
0.49690216625669337,-0.6975720393309539,0
0.5448352642710549,-0.5804627452058042,0
0.3832663055471483,-0.7665084597800628,0
0.36499954443852234,-0.7061726535367143,0
0.3243513821948781,-0.6466428856235364,0
0.4059348344095736,-0.6374780450984325,0
0.43811919981304664,-0.7408784188798166,0
0.4395673064181191,-0.7860366708139848,0
0.46355925200660464,-0.6625145917545379,0
0.3383561157796094,-0.6055457188426316,0
0.4362826903580852,-0.6054476579427706,0
0.488397542559056,-0.5761384542609924,0
0.4398665617048143,-0.6152406789575294,0
0.33472811531209434,-0.6407659673266383,0
0.3798340649056538,-0.6180876077859966,0
0.3662586444600341,-0.7125847266032507,0
0.2864456839715147,-0.7438524130495257,0
0.276769927628631,-0.6283172672979476,0
0.15289117214002435,-0.5955773803709397,0
0.22782264194172916,-0.489464832331047,0
0.21490605143274838,-0.5321748540708655,0
0.19467189120581743,-0.6100125875234995,0
0.11922460181300022,-0.5750885808273752,0
0.06046083470884101,-0.3372445777490798,0
0.20246328444801948,-0.3319592710443907,0
0.15993360198771756,-0.3560039333769498,0
0.15860152890546225,-0.33473388342792654,0
0.21858303347791033,-0.39316625456183363,0
0.19029258161167573,-0.32334417315380976,0
0.40961687939457125,-0.45667775586727777,0
0.5925010647570517,-0.3750709081413288,0
0.632061808425161,-0.2075290414701648,0
0.6236157928463167,-0.2812392036507418,0
0.5629476805761056,-0.1850312109354692,0
0.5446531636492923,-0.16884535427319108,0
0.5571401950572898,-0.2236390136283704,0
0.529054015331195,-0.05330728610115851,0
0.48401023665605486,-0.09974674989703741,0
0.45783203235340936,-0.1538428834722887,0
0.5107231879443982,-0.26520765343746894,0
0.6796251573685677,-0.3556493419721357,0
0.6708423472132905,-0.26038382351756256,0
0.6830469997460251,-0.1434365543114262,0
0.5573758320739901,-0.25542832138187516,0
0.5717424339164909,-0.21839429137525826,0
0.6178443064020139,-0.041396708744194266,0
0.6814330080482962,-0.19554197987951497,0
0.5908801762434945,-0.20275370558906058,0
0.5449086550240527,-0.12913791475966035,0
0.5968536685015089,-0.18830087719925337,0
0.6152240541803702,-0.12997019103565377,0
0.56008749992293,-0.021869613167467855,0
0.4522460120670261,-0.0880756140163182,0
0.6198935104059702,0.020088493356196502,0
0.5169972022712602,0.021811666802953794,0
0.49462648473782433,0.008545811306726074,0
0.5624180013529818,0.004681329797585881,0
0.6672277276288322,0.009290617394972264,0
0.5988986532334808,0.042557247022925924,0
0.659031649559752,-0.012713383032918892,0
0.7359887943424255,0.02874286687129978,0
0.613024593135157,0.06697025393399961,0
0.5379120536875714,-0.020901239529417137,0
0.48558443407338436,-0.017767436018214875,0
0.4234157173228782,-0.10579286699414796,0
0.4316023616263393,-0.20622733616965577,0
0.50264122803113,-0.23692283761833968,0
0.495702911487053,-0.2899957015126461,0
0.4972761820148203,-0.22601730823277813,0
0.49126816023792463,-0.3863101380865057,0
0.6039098161745464,-0.3619091216559614,0
0.65520065017118,-0.4435632751445121,0
0.7061222474969889,-0.44477815018480804,0
0.6198482929176127,-0.46079286509491035,0
0.7260866891521057,-0.41927737611529886,0
0.8696853273830929,-0.3795864448271239,0
0.7801688796893749,-0.4764504910200133,0
0.7367734711068452,-0.5375975909944849,0
0.6269198260449096,-0.5430086299531883,0
0.7187137558524768,-0.6077178465641342,0
0.6107400984026408,-0.62534680292575,0
0.570634932045921,-0.6963907034051932,0
0.461950548212709,-0.6589385986603666,0
0.42171210917520685,-0.8739372245798117,0
0.3953806515197639,-0.8538627253988728,0
0.3157897180864549,-0.8277243181353121,0
0.3187459991470031,-0.8131849426221409,0
0.3469113064996029,-0.7831974425953697,0
0.23710480155830765,-0.6756872889042631,0
0.20931890005295456,-0.7166634821012593,0
0.34971505870621233,-0.6245301793382417,0
0.32149065635151336,-0.5354484571536615,0
0.2771670028760754,-0.5257320510300614,0
0.26775922549931885,-0.719079265887042,0
0.3152772389942437,-0.8016148580074898,0
0.3941901606082977,-0.8420409982138906,0
0.37241002236114906,-0.7612367415232286,0
0.3139838698609233,-0.8066938315558744,0
0.24648649415490936,-0.7805116912869475,0
0.2923487032172382,-0.7062620648602792,0
0.2856274799558032,-0.7543160268288744,0
0.1349492909569282,-0.6088335410795102,0
0.043202889414374376,-0.6186498992934093,0
-0.010276206035082606,-0.5938743005845515,0
-0.08394631248184306,-0.5231652253507788,0
-0.13223741238465458,-0.6660327892854849,0
0.03561880875049789,-0.5492799523774299,0
-0.08370852386480304,-0.6616153117464348,0
-0.13235782230258175,-0.680053237327913,0
-0.2670561805007362,-0.5573206275322831,0
-0.12151537245057417,-0.5404101211378965,0
-0.20510015131520554,-0.5551145321897076,0
-0.14536824347287225,-0.625403156377703,0
-0.08691466141762623,-0.5175013646954313,0
-0.13137566998436978,-0.36535210459355183,0
-0.1260682447251203,-0.35542640689708216,0
-0.15181798946899588,-0.2319905857289733,0
-0.12457248313787092,-0.29101840230211085,0
-0.27917916273974874,-0.2966809424850291,0
-0.3675201558656793,-0.3145375447538525,0
-0.4566592174123908,-0.5299080887796469,0
-0.49209897117468043,-0.5437712619829798,0
-0.47693126264991925,-0.6358211589027015,0
-0.5428951695798886,-0.5577075617624542,0
-0.7393802743024156,-0.5362816719896324,0
-0.7312050695453316,-0.5264039073594052,0
-0.6208416267845508,-0.5126574290900703,0
-0.48030629313222506,-0.5779656473351109,0
-0.5251413179194543,-0.6075275196122991,0
-0.4774367938654223,-0.7949157884675508,0
-0.5113706654626027,-0.7853789313762768,0
-0.5181927257726948,-0.7592041850720112,0
-0.6118287584878257,-0.7379812532278205,0
-0.6410610546055883,-0.6632009411525764,0
-0.6190271212498701,-0.5778666213183407,0
-0.5100375634309806,-0.4854277232971082,0
-0.5664199571696911,-0.5230124622244029,0
-0.49793161683039355,-0.6167727642548251,0
-0.3072897196172787,-0.6971664131219224,0
-0.4306962863471886,-0.5858946721309911,0
-0.23675220668731825,-0.5456720318035949,0
-0.3190108376405598,-0.5935029399403,0
-0.38866070053652274,-0.5939805022115049,0
-0.35179167244920867,-0.5922072995070442,0
-0.3043903736465511,-0.5866719386642107,0
-0.27228086527903606,-0.4342643225758667,0
-0.20604052558433927,-0.45412024610008156,0
-0.3231836947048443,-0.6073797163727805,0
-0.33227731256958043,-0.6794326983094106,0
-0.4127603415551805,-0.6247908047598981,0
-0.4037931045142786,-0.5360306532703631,0
-0.4618145740077748,-0.4170197883513127,0
-0.5502943457156617,-0.531480667048732,0
-0.5963311673037295,-0.4227126470594542,0
-0.5546629868982613,-0.44001324323642566,0
-0.6369182256837904,-0.45921740637110053,0
-0.6827950378519122,-0.31785515237161177,0
-0.7190198122137006,-0.2190006205705885,0
-0.7220745842984208,-0.2744015397109853,0
-0.7279249378787755,-0.2701839764435989,0
-0.7838613124065803,-0.289220540848962,0
-0.7737574352840841,-0.4565708755652089,0
-0.8268197575705534,-0.29098399060789654,0
-0.8002623090978439,-0.27320270307144007,0
-0.7973575289485976,-0.1903677161017204,0
-0.7066486344125031,-0.2744174823324619,0
-0.6747521246969567,-0.3349975242792555,0
-0.762242820514193,-0.2926785740259466,0
-0.790681515264407,-0.3817445949338784,0
-0.6080321427016636,-0.5289585003179758,0
-0.6529679664500784,-0.34447548562046615,0
-0.5843656033294851,-0.38408223401253044,0
-0.5538529210958135,-0.25847016626066577,0
-0.7056429873904739,-0.3394450386953142,0
-0.681789224861724,-0.3647912146002405,0
-0.5648994662478244,-0.4330994596851016,0
-0.5126573527301593,-0.5618330909276379,0
-0.6094611195712546,-0.550071166776482,0
-0.4651842734742954,-0.5349552335565668,0
-0.4940417493319983,-0.6254449792854568,0
-0.41394134225954915,-0.7664936559283717,0
-0.3038274768690691,-0.6813030162783379,0
-0.3279737858227998,-0.7760785185746162,0
-0.34874040265529666,-0.7503922664517104,0
-0.17905009603873823,-0.64566489233616,0
-0.329660556171787,-0.5510545252383463,0
-0.313447462189117,-0.5355725929315192,0
-0.2559643392508572,-0.5763847586567508,0
-0.19502418677854272,-0.6312859570660824,0
-0.20621857664483345,-0.7353139254489864,0
-0.23741309706523553,-0.5980881141019219,0
-0.16178999864695737,-0.5530739204842283,0
-0.16508878461938975,-0.37567365864275093,0
-0.13271697827137627,-0.40414519773511987,0
-0.10887960555686638,-0.42513456664246035,0
-0.1153933811111636,-0.44419659732229194,0
-0.13231805484428857,-0.34349653053192586,0
-0.12014871104072708,-0.4481179395034187,0
-0.24714461035561827,-0.5533040704917298,0
-0.22905371406032005,-0.5420240192102876,0
-0.2588837984755583,-0.4992771207497543,0
-0.19355778316419384,-0.5566048866173793,0
-0.21592224233239185,-0.6907986667117356,0
-0.3033956627551443,-0.6672411683848022,0
-0.2524310768492253,-0.44014732031212445,0
-0.3120007470988678,-0.43945293116542533,0
-0.18209331369059237,-0.545245389899977,0
-0.2918385003239172,-0.5289691082546103,0
-0.14582195970475942,-0.5568345499907422,0
-0.22224193977363266,-0.6937464523645818,0
-0.1487102801536122,-0.39383562457255944,0
-0.23855118373488476,-0.4046003630807898,0
-0.23666938104857846,-0.31088875352945056,0
-0.3012988908198065,-0.30569730459526234,0
-0.25719607620594936,-0.44602944247490467,0
-0.26616369077886237,-0.5756625228600833,0
-0.33144383346259476,-0.5371230504525679,0
-0.4245925648335628,-0.5101447385026845,0
-0.5311664899285742,-0.4904737169179737,0
-0.5988272959567168,-0.6100205807836119,0
-0.5734652325763374,-0.6507621701323757,0
-0.6051815765971438,-0.7364429786529852,0
-0.5576728848151504,-0.7288042521627133,0
-0.4680060395363077,-0.6681411833914225,0
-0.46430198327380995,-0.6205984485542078,0
-0.5522361518562705,-0.6564591565287449,0
-0.5380255363730404,-0.6525706093247543,0
-0.573859968940327,-0.5141062168990025,0
-0.7517961379859993,-0.4474214346666746,0
-0.6576827348889462,-0.4920732408159909,0
-0.8689717453034392,-0.41218028217173464,0
-0.7625456160004986,-0.5608472944004661,0
-0.7918442222746793,-0.46921238606837945,0
-0.845718280669846,-0.40625157801767353,0
-0.8487957479829249,-0.2740271030251449,0
-0.7835112350677851,-0.14252088234368504,0
-0.6541004824512318,-0.06911936248766128,0
-0.6125904542521378,-0.1079372619440672,0
-0.6849052198859013,-0.21301159769311345,0
-0.6256865214313321,-0.17224893133160765,0
-0.5838291207276387,-0.05636101471842804,0
-0.625873439764665,-0.16277168947089146,0
-0.63628336153869,-0.14752805649700615,0
-0.6491311199337308,-0.21603241784426946,0
-0.6155812110404825,-0.33541353643572436,0
-0.695226839728293,-0.3302836929163946,0
-0.6026990456337045,-0.42185528314284626,0
-0.46020304814659174,-0.3201677658734577,0
-0.48908302576702173,-0.3417537581217198,0
-0.48795260819304637,-0.3555028352951898,0
-0.5621063562784416,-0.4925761566525697,0
-0.5384358976534697,-0.576493011875394,0
-0.6088374700440146,-0.464544217448333,0
-0.5615000283381262,-0.36146011823914487,0
-0.5867993168681526,-0.4233616171830324,0
-0.6137557316475426,-0.42857467387929316,0
-0.60355343767863,-0.418511497732063,0
-0.6831018506819981,-0.45044976943668347,0
-0.6818562108317094,-0.6048901076692772,0
-0.5700512724343405,-0.5266217248951456,0
-0.5782679094839991,-0.4891037017505448,0
-0.5673516756451037,-0.45061219945953535,0
-0.3306143968203523,-0.514759546810845,0
-0.3887761347753023,-0.5874399587879954,0
-0.43233986575879824,-0.5747378901202136,0
-0.4266397305650091,-0.49606576085553206,0
-0.5583883738155525,-0.3903702475709652,0
-0.6047530910116257,-0.4226946801912669,0
-0.6048424832492,-0.3305621450198433,0
-0.6772057360504573,-0.20330279937123455,0
-0.7372910813671253,-0.2613735379261086,0
-0.8644820733774814,-0.3099506384633259,0
-0.9209622103428764,-0.29002857969034607,0
-0.8760975912162995,-0.30565761822826343,0
-0.8217127911551984,-0.2449786159519829,0
-0.7814192872626874,-0.35152609931234996,0
-0.7893403960418669,-0.21815876424089178,0
-0.7044822910479557,-0.3832757218948011,0
-0.6431295675836665,-0.49907937271480285,0
-0.8006934987618329,-0.4448782532889326,0
-0.7069545394298122,-0.5842979562443741,0
-0.737945633420558,-0.5183892369618842,0
-0.6209869645278707,-0.5179927436975956,0
-0.5938922802022961,-0.5665827107277769,0
-0.7455871227701821,-0.5086668811336674,0
-0.8333719917616562,-0.4977197844280155,0
-0.8406265647062706,-0.5075767448419485,0
-0.8615772230878816,-0.45803114333086975,0
-0.7174539681932155,-0.44727130683308985,0
-0.8142761721914669,-0.48437618611825944,0
-0.7732475595864414,-0.44457865032471305,0
-0.6258883869881348,-0.4986662704629193,0
-0.48425766108733836,-0.35630647956000905,0
-0.5134515738110214,-0.3713000402754309,0
-0.485874066692221,-0.2580281099095075,0
-0.4245581456689441,-0.25744568059898393,0
-0.476951373691847,-0.4236798950427486,0
-0.5351623385937535,-0.5086456148443843,0
-0.4782906395961482,-0.567992418406847,0
-0.49454864860299586,-0.7122114588212061,0
-0.5830396937515753,-0.6465129347794335,0
-0.5700125009548777,-0.5750520397784595,0
-0.5125220388094741,-0.5055523482638657,0
-0.4464568760474126,-0.5273413164376766,0
-0.583052752167416,-0.5053621065431747,0
-0.48129963973284456,-0.44006957106600736,0
-0.4275985011468145,-0.5491460093477428,0
-0.5250212461140507,-0.4637974253886103,0
-0.5111309917377381,-0.41119451002980223,0
-0.45369216562477005,-0.5021702116459712,0
-0.4720699042516488,-0.478350288079216,0
-0.22266645837689936,-0.6133774325439957,0
-0.19960793267154045,-0.5951854194476377,0
-0.12802584878322698,-0.7066139342025212,0
-0.20319661632042355,-0.689832979246548,0
-0.17575394034686193,-0.5852009814485446,0
-0.17693390893092983,-0.7233714676932428,0
-0.307152402627486,-0.7609918411507721,0
-0.3825895462824303,-0.7321882117318299,0
-0.4044566415716384,-0.8415055809673828,0
-0.5015605140930486,-0.8209887188085173,0
-0.3751415250422114,-0.813955937190811,0
-0.25432670481552966,-0.953065382265688,0
-0.2687398946820462,-0.8168323488094388,0
-0.2896067866372084,-0.8698313285194034,0
-0.13189323949635073,-0.8071364914030821,0
-0.1396847531466461,-0.6220034822963327,0
-0.07538163902387056,-0.5703572759729713,0
-0.14643616906351287,-0.507547244308397,0
-0.1633529483243772,-0.3221222417349381,0
-0.18650231543787474,-0.23479570765676464,0
-0.2797333159117101,-0.43532781552048627,0
-0.25777520371275886,-0.27843491466666953,0
-0.31938357780939874,-0.307329054497293,0
-0.2686558330910012,-0.3894620589684965,0
-0.2852843109120889,-0.46490089412383184,0
-0.4468718029086932,-0.2711043630076261,0
-0.33991836185470337,-0.23595209443220955,0
-0.23582623535228428,-0.2803967635479189,0
-0.2676402607650695,-0.33118465297918975,0
-0.3222745142908054,-0.4018409155601641,0
-0.32657487269314833,-0.34712738802274046,0
-0.3310759354102916,-0.4310477429508814,0
-0.2784072603246758,-0.30264576411571953,0
-0.20022158547189328,-0.2695397785235411,0
-0.17972622851097936,-0.22352852934704998,0
-0.1040635829145261,-0.20001949599499777,0
-0.22900768405351424,-0.17543814445859454,0
-0.14296294447252234,-0.3110570418168829,0
-0.04732881767208355,-0.41624043563968965,0
-0.060147630371069155,-0.40498200673233997,0
0.022881997528622314,-0.29901980542147916,0
0.024153883600164877,-0.2357950569439744,0
0.02656007721618129,-0.3823711908130027,0
0.061288478211786505,-0.21352420620915527,0
-0.001538373397353722,-0.1168434576907865,0
-0.04814537806121445,-0.12540020338076793,0
-0.12576332200646806,-0.09575134238863114,0
-0.04353801576113371,-0.052706340726288055,0
-0.02458386712539362,-0.03184893244254752,0
-0.05749477966611894,-0.014091340110391308,0
-0.00891213572264804,-0.0555631075601362,0
-0.07704794323822721,0.02481777392365729,0
-0.06626085735492074,0.037342827047611604,0
0.03270371926189748,-0.02821037957567038,0
0.13388227625477706,-0.024326289702777313,0
0.050176079012784786,-0.030607506967439344,0
-0.004110489394319378,-0.25094367937014517,0
0.0850059072976731,-0.26976427659761365,0
0.19016135205792462,-0.16401584434588007,0
0.09358541890057867,-0.0910749764892813,0
0.0857535030396483,-0.17212967091416126,0
0.14509779258302347,-0.2277120249740895,0
0.10288408541462576,-0.33891040944728534,0
0.06319297764887095,-0.4384768176651113,0
0.07854977441329535,-0.43056317416608453,0
0.028520461795873045,-0.42320151111398596,0
0.019845523733905142,-0.40622133099405144,0
0.06485437297462224,-0.40228912208195444,0
-0.015531309243078148,-0.45861680910732006,0
-0.03536483465893335,-0.40339228883044626,0
-0.07257871238196092,-0.4838945910333673,0
0.030221106211476598,-0.4368779241451151,0
0.21126324984689238,-0.5117986455263167,0
0.16722069203132522,-0.5571359650630324,0
0.21773576750923734,-0.6965709757061261,0
0.1759192534500769,-0.6885990812202742,0
0.186484980282725,-0.5547760281846581,0
0.2207161255984762,-0.6428700797719098,0
0.24907325249565312,-0.6081982397747213,0
0.1647786792399572,-0.6086324710370606,0
0.08159535778445792,-0.5772761514669371,0
0.09037853777726709,-0.3974107020015306,0
0.08678071588303486,-0.365306067057447,0
0.03842195886316292,-0.41521157103532247,0
0.15914049233877936,-0.41079740392626785,0
0.1882700001611291,-0.3529357081346284,0
0.09731520269961952,-0.2734240538188629,0
0.054487457140496,-0.2180625076385912,0
0.1742126318023397,-0.28860327498532184,0
0.2594937851250776,-0.3185199970995018,0
0.2716755345844065,-0.23666747755344242,0
0.2566063630346855,-0.3555250774288776,0
0.2584264111138285,-0.11259834001799643,0
0.11129067792938221,-0.2747966818742552,0
0.15181511975093115,-0.26664976023404674,0
0.11567959878522074,-0.3111477444159451,0
0.21375086038929259,-0.28667325926445664,0
0.14186383798972885,-0.17517004083314874,0
-0.009866815938322587,-0.22419043124885288,0
-0.01831896580935532,-0.22331928691832245,0
0.0876910396872318,-0.28982582605480384,0
0.07959112484976638,-0.2652387858423955,0
0.04624198440587139,-0.2722062259223705,0
-0.14747173013816783,-0.1667735712725522,0
-0.21383962575487542,-0.25009374046466326,0
-0.14866735782944843,-0.29258932733336696,0
0.02625912998903482,-0.22894378519870795,0
0.03103630340412008,-0.2971364254367586,0
0.1780927816755091,-0.3324000179445295,0
0.19088504101740925,-0.33773840592340176,0
0.241229748741492,-0.3259297227093187,0
0.17006623262752923,-0.37116125766204877,0
0.08549037973144831,-0.4425841117929352,0
0.15116749668356336,-0.5079897163550849,0
0.24094181282619648,-0.49533348208260325,0
0.34397410446921617,-0.4005145445783376,0
0.25965525883302054,-0.5868426609438,0
0.23263613024230329,-0.5534327666184753,0
0.12141583196076765,-0.6338959111944069,0
0.18064735115938255,-0.649899780889426,0
0.23484379277655354,-0.5219359499558859,0
0.2519446036547514,-0.5291743713573399,0
0.3184424618673808,-0.5244207360343393,0
0.27365746033763616,-0.5897731512170719,0
0.2405651730116963,-0.5848325835438237,0
0.11691969168168294,-0.5762732247987961,0
0.0799911121100967,-0.6013858661236847,0
0.09971993698398635,-0.6625172815560325,0
0.05590614144970359,-0.6545336131317012,0
-0.10528651050583995,-0.7257817201408832,0
-0.05539537160592528,-0.7124232927173139,0
-0.003438277673286666,-0.7098126096380328,0
-0.13057695906839833,-0.7063020891476125,0
-0.0638393249541561,-0.7543687400115919,0
-0.07934824102560518,-0.6837349017016512,0
-0.2166390550911138,-0.7112801752958676,0
-0.11437519558915811,-0.6764816624063201,0
-0.14336508084187793,-0.7759396546308815,0
-0.24056517161213598,-0.6596771390635651,0
-0.16245742707461236,-0.5445656630397101,0
-0.19892620629301924,-0.45893039136711955,0
-0.1443154870523757,-0.49473807971419903,0
-0.10388818699793378,-0.5575906955159086,0
-0.17892377946404298,-0.6476159268041568,0
-0.09539984622788256,-0.7713559661531825,0
-0.07331514874477424,-0.8584724275492908,0
-0.16820643164981158,-0.8710131393681768,0
-0.17441868209461314,-0.755234565528486,0
-0.2678374371606248,-0.5653387178225813,0
-0.3150857870258257,-0.4865514447522739,0
-0.4436130119555802,-0.4873259846363146,0
-0.5183322167534551,-0.5961921012734952,0
-0.4199135049988314,-0.4846269487272531,0
-0.46302489210101494,-0.6029866997572181,0
-0.3537302225178315,-0.6117394429749377,0
-0.27240129135889524,-0.6639291618698332,0
-0.27982182261832117,-0.7763580376863067,0
-0.052439422916413236,-0.7533469882996916,0
-0.14393536415550057,-0.723760787076806,0
-0.060678344275474874,-0.8286940704997889,0
-0.055384074315674395,-0.6981788868993197,0
0.09716539089379651,-0.8468212320200142,0
-0.04451550172889744,-0.9603395508989077,0
-0.012143457312889919,-0.9748133502864963,0
-0.11513207294360486,-0.8804488398209045,0
-0.13489243162683323,-0.8738721155247765,0
-0.4029386329900276,-0.7428472882126533,0
-0.3998943685935722,-0.6551338863547054,0
-0.45585110718597377,-0.6958411828180932,0
-0.4731509180015431,-0.8232636790333885,0
-0.5017090211864711,-0.7496054177826763,0
-0.48329980743741846,-0.744080808994519,0
-0.4248826224020551,-0.786856676224141,0
-0.41365329963486586,-0.638573855348656,0
-0.33744505591565704,-0.7088522376007274,0
-0.27871001052208455,-0.7213657553169495,0
-0.19284097937857858,-0.8427532350519439,0
-0.22050439109006065,-0.8842965854190441,0
-0.2156599208103136,-0.9108872661768022,0
-0.38725787549305923,-0.8903798830433781,0
-0.5087014663426226,-0.8167355101266343,0
-0.6194442722396409,-0.7486151261249581,0
-0.624792155718303,-0.7079992180712514,0
-0.6414611677675716,-0.5585464299676576,0
-0.6101446702692487,-0.5433886408749483,0
-0.45275077047103385,-0.5604749352333303,0
-0.5198294188371416,-0.719089499529039,0
-0.49783729170171537,-0.5826897727399426,0
-0.5770274541868131,-0.5504895991581336,0
-0.5070808541877743,-0.5565462596002062,0
-0.4671181648218042,-0.4723508976926061,0
-0.5704789832859217,-0.6858136098919441,0
-0.5281054662876112,-0.5541444950639005,0
-0.47954385169033353,-0.447854558115518,0
-0.43856223795568045,-0.4435762966604192,0
-0.46927028878439864,-0.4277315031543741,0
-0.4356861814549702,-0.41421970827785126,0
-0.3754993400146907,-0.3789115973830413,0
-0.3826086253403638,-0.29091936101909327,0
-0.4210269138886419,-0.17118316486798615,0
-0.43929676237150816,-0.0967196237148176,0
-0.5561353321608848,-0.08352651186005179,0
-0.5486040170301427,-0.014887616610237964,0
-0.49427008841033454,0.005681752728235737,0
-0.5243071314457628,0.021092729710128863,0
-0.5382789633869093,-0.12337628366406268,0
-0.5124486249309932,-0.11633115819678316,0
-0.4931835170799757,-0.046434811309635185,0
-0.3803558367763448,-0.1497088281603108,0
-0.5397655375947146,-0.1541299354707375,0
-0.305991300960816,-0.26925884572917924,0
-0.23472532913654937,-0.28254860159912004,0
-0.26866469584791247,-0.27078364286585793,0
-0.21154338535898545,-0.1822626961352576,0
-0.1911177144163383,-0.1843655829896623,0
-0.1707639229065725,-0.3239605188350815,0
-0.19784839247684102,-0.3813242419903288,0
-0.09837475929714899,-0.46752844304485236,0
-0.24426624425218635,-0.3609770922118755,0
-0.2571991408318645,-0.46034455261012497,0
-0.16857583337874565,-0.4713119832402475,0
-0.15459897125090571,-0.4717354887732572,0
-0.15309656055762685,-0.4817521752634436,0
-0.15225518136939487,-0.5323705456787332,0
-0.13281448677873406,-0.5328720852198389,0
-0.16287605997828453,-0.6011530149508101,0
-0.1304707214993308,-0.5758079810955261,0
-0.07147457141425273,-0.5878480673113999,0
-0.06614389099914035,-0.4203605793793882,0
-0.05798546366572273,-0.36917776557266835,0
-0.20205286600622113,-0.4128517663997483,0
-0.21842039857459525,-0.5224313678217986,0
-0.19262910303905253,-0.6220723504987147,0
-0.15734406176782473,-0.5574065471130691,0
-0.17086522514783004,-0.668279482283279,0
-0.12285569536256252,-0.5272108049180482,0
-0.11041081817397348,-0.47330402364901714,0
-0.2623053433285399,-0.55466212166018,0
-0.35557333185972706,-0.5356514076745593,0
-0.19349710855398056,-0.48668204734337994,0
-0.3105898979770547,-0.4654218527942583,0
-0.41158582528674964,-0.4010938951006796,0
-0.38494675010741564,-0.3404586131665147,0
-0.523220837122959,-0.445264214639399,0
-0.4329122469255011,-0.4004370257111826,0
-0.5172984519297623,-0.4367624005886398,0
-0.6239346505517919,-0.3643415370142369,0
-0.4597466262313299,-0.3323981432180379,0
-0.441863332893483,-0.46257295152626454,0
-0.4261851797712696,-0.33973699430468784,0
-0.3276820464811514,-0.4337902455324376,0
-0.3878750384503853,-0.5081274329062306,0
-0.2771695867422592,-0.4498375075252162,0
-0.20523747121656283,-0.3913038051685802,0
-0.32700902277662597,-0.39651939117755386,0
-0.456686213935285,-0.3250018989232049,0
-0.5303315461830546,-0.3221546119612274,0
-0.6485613682423516,-0.27195597903613006,0
-0.5811008472019453,-0.2600406374151183,0
-0.4298817846627302,-0.29092844221545816,0
-0.4362595416063413,-0.3435342807402612,0
-0.3257495558551183,-0.23535667763517823,0
-0.3257695551392109,-0.2230199079114201,0
-0.3488936964005198,-0.27273062910906376,0
-0.34752545543350327,-0.3131205275586399,0
-0.3809586539027961,-0.07794540553447887,0
-0.4410982322590087,-0.15493101282564614,0
-0.45050586642500845,-0.10117067961873731,0
-0.5527165064714297,-0.21780042828887713,0
-0.3643882899979758,-0.1338706477442071,0
-0.3528377371307537,-0.023525642491129747,0
-0.4292245315092009,-0.04130595402722388,0
-0.45407370653638907,0.0480319824576759,0
-0.5203715443622425,0.11548257952689636,0
-0.48495039197360684,0.12200871407915835,0
-0.5677874393854228,0.02536309553005256,0
-0.35008235170891433,-0.12863346137782883,0
-0.38786841570274033,-0.23193291979904376,0
-0.37395232283916385,-0.48178459538698837,0
-0.4347968874152103,-0.3872423455288577,0
-0.38165086378961766,-0.397870785376224,0
-0.44641052828368344,-0.2700500242349666,0
-0.41425635553083745,-0.12529049506504766,0
-0.2518112478522272,-0.06493012796633735,0
-0.22161532119635097,-0.1819793061483858,0
-0.1486759881182052,-0.2533186657189348,0
-0.1348040442315613,-0.27716697209256264,0
-0.12158697895332866,-0.3342226556900272,0
0.03514584619236284,-0.34324293233504305,0
-0.11025427992540447,-0.2971919396684454,0
-0.2460500879528128,-0.35912505518874654,0
-0.29906946520539546,-0.33982759331279133,0
-0.2952801903345376,-0.3895810539142892,0
-0.2849875721031968,-0.41565732835299357,0
-0.26390957820291616,-0.16725030515211078,0
-0.27298866914355524,-0.21024678779271117,0
-0.3019001291249189,-0.3919861565444338,0
-0.22015884530216645,-0.45527198366100663,0
-0.2887402840504183,-0.4890640685755231,0
-0.11756835100570626,-0.3928302511934696,0
-0.10420267991911691,-0.5480200090787353,0
-0.15570283619088146,-0.4924124106267238,0
-0.21767205217689092,-0.3885598154357206,0
-0.09539727682682386,-0.3983359796972585,0
-0.07170754008859201,-0.4218087539273876,0
-0.22443900376466727,-0.5032422748478869,0
-0.3658702496350428,-0.3769676905234449,0
-0.47836181203964645,-0.3578671904907403,0
-0.44130282143990807,-0.3976591394288724,0
-0.44457185361614504,-0.2432228362388779,0
-0.4747520496002372,-0.17089177638410463,0
-0.5058222766689789,-0.1683483719143587,0
-0.511005398815663,-0.1814880606458773,0
-0.6084703541146009,-0.3006062936994654,0
-0.6893183555835932,-0.3386937607635987,0
-0.5743053952126547,-0.4426615047576723,0
-0.46656491962291846,-0.3101255914122477,0
-0.5136284143448377,-0.2541362854557003,0
-0.45407616210269136,-0.14829389464715934,0
-0.3312313375336714,-0.18936944864652397,0
-0.43686876010908215,-0.23688365087232777,0
-0.5343400471813091,-0.11444728582538854,0
-0.515019517927413,-0.2885379615156016,0
-0.4738027083514511,-0.3796191703464933,0
-0.510221631202859,-0.6301195128698113,0
-0.5754172617044696,-0.5953167899508098,0
-0.5455391265677565,-0.6467573427589912,0
-0.4649604733011303,-0.5500557431874181,0
-0.3708459327988447,-0.5447898112413319,0
-0.3745666374287066,-0.5354900243233028,0
-0.1958498814239618,-0.46650542996940336,0
-0.09243589703696471,-0.3686433187172309,0
-0.04327477152775207,-0.37623933512157076,0
-0.06481499309193069,-0.34144519294896536,0
0.022982225074991286,-0.41626093532452607,0
0.08715697174446983,-0.4575510087853331,0
0.14722175204766716,-0.5205559879311406,0
0.07626153285234136,-0.3514031840194607,0
-0.01584908403751624,-0.4952632261693519,0
0.02717271059483782,-0.3832459788309297,0
0.07004599998792078,-0.4042008122971027,0
0.07924295871317702,-0.38133341724891634,0
0.029990787992766686,-0.40958266873451527,0
0.017772886312375242,-0.4381677619617358,0
0.013129314364453398,-0.4080812634860313,0
0.023805530401634835,-0.4978511169021019,0
0.02205961278949142,-0.624599216765984,0
0.06492695099927681,-0.6066930734944347,0
0.047650380172081286,-0.7147103451785313,0
0.08729107803723801,-0.6655957801326035,0
0.11096317154405919,-0.6687920820463892,0
0.10319480331304698,-0.8289571573166532,0
0.0330926449790184,-0.7610769597360556,0
0.04005456588645921,-0.7717562989000024,0
-0.029862380930788704,-0.7814540997408023,0
-0.08795165433152918,-0.8122321878575768,0
-0.10019010279840306,-0.8196929855550217,0
-0.1760562415812763,-0.837710165086522,0
-0.2340588932956745,-0.8494215865703126,0
-0.33420241058142086,-0.8461498637086473,0
-0.34803721191390913,-0.7892529687873028,0
-0.272172727223748,-0.7886506896797292,0
-0.18810784783750434,-0.5921515739365673,0
-0.11604158216140074,-0.6279734335276331,0
-0.15538483119983337,-0.6696171621373896,0
-0.15184795185777755,-0.711404596704749,0
-0.20182706229332828,-0.721850394366747,0
-0.2549495184339059,-0.8105217796973022,0
-0.40268373331760327,-0.707281794555854,0
-0.5018985238169342,-0.8263526400016057,0
-0.5061498062934626,-0.7809319666286614,0
-0.3805868121482683,-0.7866614192250541,0
-0.4801143296523547,-0.6136324337392374,0
-0.4378540507106095,-0.5237010292439189,0
-0.4563716188358632,-0.44350408905441185,0
-0.5522147293929808,-0.41990437270711733,0
-0.4319330762221024,-0.39423454844817296,0
-0.48255972911965916,-0.5329505758864609,0
-0.49105221044949193,-0.4780750236319964,0
-0.44381198053666027,-0.47895328763779804,0
-0.42549040471649113,-0.4627923863039,0
-0.4882344313911816,-0.39261693061356195,0
-0.5103510256365464,-0.42552406010066846,0
-0.44438899082733535,-0.5092931787483039,0
-0.4415370278222833,-0.4255296306529305,0
-0.5370949139106367,-0.5194840104996322,0
-0.48216462952020717,-0.34740031941441596,0
-0.37754352331515734,-0.2442414240939675,0
-0.39564414398773434,-0.264908587635441,0
-0.39740535586409603,-0.22151241942165556,0
-0.3058128822814014,-0.19426656172166973,0
-0.3088622118403334,-0.30110227584950683,0
-0.425818079583804,-0.313112649498524,0
-0.38697118641685646,-0.23369344023960845,0
-0.2918466307242884,-0.17131402314701133,0
-0.3494772070045089,-0.1335212445929726,0
-0.2629123571115631,-0.09826684276738094,0
-0.2453144226164303,-0.01888809172451339,0
-0.31351532464923276,0.0952895794251066,0
-0.27019839966522996,0.12698955252985905,0
-0.32066744244758977,-0.002196969604403326,0
-0.25605702261956476,0.09699874556582627,0
-0.3114923254728564,0.0699078007755106,0
-0.2676329965411425,0.15725889678384464,0
-0.36092005656674997,0.17114121143695205,0
-0.43486801864417857,0.04816995099944599,0
-0.4306445673742417,-0.04910978034752514,0
-0.4565021704626141,-0.09555873151947014,0
-0.4762198507023883,-0.1351112265540834,0
-0.5471229032399582,-0.10219273246336638,0
-0.5340224183723756,-0.06752298350110178,0
-0.4815741302820467,0.004241777043308179,0
-0.567837957663479,-0.18090475151343322,0
-0.6415164353466046,-0.24664166428844003,0
-0.6131099795904382,-0.30427597391050226,0
-0.5439917287729727,-0.31631463016544664,0
-0.45774496584432445,-0.3652570387500749,0
-0.33490609161570756,-0.2630257335368503,0
-0.21999759349172787,-0.314510765562815,0
-0.3430181196032796,-0.40855949360590466,0
-0.3844783857250344,-0.33573837738703516,0
-0.4582616368723906,-0.36844320305795997,0
-0.5130452840681977,-0.3714610864952482,0
-0.5839332321860575,-0.4377524977664046,0
-0.576063776575786,-0.3463622105951214,0
-0.6473653376765846,-0.25682446871331466,0
-0.6500892620112182,-0.32786737815116407,0
-0.6043661576374177,-0.23774637535232546,0
-0.6528246035144383,-0.2848802931042095,0
-0.6922715247734058,-0.3335170754407614,0
-0.6652392969018708,-0.22695244294045477,0
-0.6429087517681491,-0.2388259873558997,0
-0.7097762746719799,-0.32250154869155134,0
-0.877669034194682,-0.3512390917315873,0
-0.7960949657748064,-0.36884195142451154,0
-0.799759449024782,-0.3899922459511209,0
-0.785595051940536,-0.46615342835575535,0
-0.7746536324938049,-0.2362118877619475,0
-0.6869445272848561,-0.25963580402228825,0
-0.6137115743981765,-0.1944922685707828,0
-0.5771596911607391,-0.12077389583470947,0
-0.6546856499690956,-0.3187732684180984,0
-0.5722243816769117,-0.23194318430191002,0
-0.626833396430592,-0.07049243258790114,0
-0.572841438879178,0.015335850123000913,0
-0.806276651527844,-0.0815043891651354,0
-0.7972285144429172,-0.11849278674293749,0
-0.8172543557499974,-0.20909877999752324,0
-0.8302625832651706,-0.28005020229440214,0
-0.8826142654048813,-0.31784960599955575,0
-0.8061132513440668,-0.3526835221594132,0
-0.8374848525991491,-0.4375783082726715,0
-0.7445326828693408,-0.5534503953398032,0
-0.7185244150599459,-0.4880742886176438,0
-0.7451667705250549,-0.5320972375501855,0
-0.8070369518072303,-0.5607957238592366,0
-0.7654184925033618,-0.5926453321340484,0
-0.6924570117361775,-0.5433799255346196,0
-0.6925795410414379,-0.5620994173056679,0
-0.6295986221029883,-0.4691199146978794,0
-0.4708695752570158,-0.4579889549311078,0
-0.567041760635166,-0.47155092987438435,0
-0.5596257833327581,-0.608632531291739,0
-0.5285546874509696,-0.6170597584681561,0
-0.4896642462730309,-0.6268925300645347,0
-0.579776538569362,-0.5584596068770562,0
-0.47996501941004494,-0.5531203825401046,0
-0.5148318447964708,-0.5246967019291336,0
-0.4696715450214762,-0.4915298099899372,0
-0.37020978562018425,-0.5876234131735212,0
-0.32992137921645337,-0.5753646324101526,0
-0.18295944455822788,-0.5802538458429973,0
-0.3618662361753475,-0.6270940201618751,0
-0.3925692410911154,-0.6567981194450839,0
-0.5114668342208203,-0.6698793161572012,0
-0.43897389037924356,-0.7215110656135768,0
-0.46312485580717533,-0.6942015563670105,0
-0.4392148023804948,-0.550331158296809,0
-0.47346641976131676,-0.5717422344312545,0
-0.4172849894123801,-0.41385204728095204,0
-0.41757698910372415,-0.371459394817703,0
-0.37739154883512877,-0.4146222853205564,0
-0.47356473144319716,-0.5118967871420912,0
-0.4969607430201468,-0.5445452895380736,0
-0.46342974056405184,-0.6070925869375072,0
-0.6091203924346384,-0.6247445907348391,0
-0.4925543838981741,-0.5935084085392298,0
-0.6911366134109878,-0.6031831959464093,0
-0.6593196877750416,-0.553262498550344,0
-0.6437219932475196,-0.5676055164180184,0
-0.6438411605251193,-0.6795983398657373,0
-0.5746050618714673,-0.6841400752041024,0
-0.3795068746905525,-0.41301422289745054,0
-0.43480922395191984,-0.44311223680595524,0
-0.6708893575677982,-0.5531433327892071,0
-0.6994148270519495,-0.6905110954795691,0
-0.6468597500285731,-0.7218247521254112,0
-0.49883189924883503,-0.5935852917917729,0
-0.4896574184095831,-0.6401901764851639,0
-0.54993836759175,-0.7732951907113579,0
-0.5331478573995805,-0.6320204755837444,0
-0.2938444094410964,-0.7466609496830975,0
-0.4423454069075591,-0.8427995822115764,0
-0.4715749292924236,-0.7856382857598432,0
-0.5074842918236646,-0.5885071308804993,0
-0.5484096898863132,-0.6324640658605919,0
-0.5228370324360171,-0.5808739346271208,0
-0.7523469053422099,-0.5662725518554284,0
-0.6793167327949186,-0.5679632413608623,0
-0.6647300847711585,-0.5136360947361025,0
-0.637309094167214,-0.46803366149198045,0
-0.8073730154636667,-0.5528084494847926,0
-0.7413718397457593,-0.45237453225619245,0
-0.6731381524150957,-0.4302203598806664,0
-0.5628134670201314,-0.3996981071407797,0
-0.6238513447319259,-0.4440129126071025,0
-0.4900307573776077,-0.4212804167414041,0
-0.46678919267413177,-0.33824798030901204,0
-0.5085702727103028,-0.4235210527247578,0
-0.3240059261625663,-0.3761396351855083,0
-0.4640587046787695,-0.3375606332530534,0
-0.2792574208794756,-0.27602386653260835,0
-0.3421839084851092,-0.28167305203031723,0
-0.4077898913512825,-0.24940871775733672,0
-0.43565156833371144,-0.3345455663490509,0
-0.3642159334464856,-0.23894613467859194,0
-0.4845785946837024,-0.2418684490124649,0
-0.6190227965464684,-0.21180738102643998,0
-0.6450574508427603,-0.25704220497278407,0
-0.5515224537543099,-0.12531604283451733,0
-0.4032649529186284,-0.28767958954458306,0
-0.3974459256090667,-0.4098793125674071,0
-0.3017424337331443,-0.5580647221209578,0
-0.2933101034875128,-0.554891684991841,0
-0.28424175984385613,-0.6321134263361429,0
-0.35815069477203887,-0.7116861612971258,0
-0.47295466815637205,-0.712723699950418,0
-0.3984744688751467,-0.7882284085319675,0
-0.22421117492065443,-0.7487766446461133,0
-0.3057889044308084,-0.7131335835292733,0
-0.36945550203315397,-0.577481106483985,0
-0.40084048564525443,-0.5485736600511069,0
-0.41873221298988106,-0.5952518774311025,0
-0.5309246083647527,-0.5996270445194248,0
-0.5369302683029828,-0.6633333098904302,0
-0.643445053611823,-0.7296964490693615,0
-0.5533818888716632,-0.6479219780781085,0
-0.576265568290454,-0.5933777094258008,0
-0.5741028889460849,-0.5467776528530444,0
-0.6792634455455315,-0.5325928419906378,0
-0.7398453876958067,-0.6079563151808018,0
-0.7268593858217473,-0.6079709421753223,0
-0.5588855089610937,-0.6725210336387815,0
-0.6061875746331602,-0.5570306383620038,0
-0.6608969100374678,-0.5621130106165911,0
-0.43469806991179794,-0.5794963303310747,0
-0.47695858746796366,-0.5516347543819358,0
-0.5689205012548582,-0.6529280786544673,0
-0.4736923701436571,-0.5284940829746998,0
-0.4965575060493879,-0.5856656700229336,0
-0.6512832865649851,-0.5135212757460524,0
-0.6070501737781689,-0.6196447107246696,0
-0.6264061691169779,-0.49729677778601084,0
-0.7063977125415317,-0.5718472504962505,0
-0.621799951799125,-0.5165409840808161,0
-0.5628506287187284,-0.44729899108774424,0
-0.5980376613555122,-0.4140502665472621,0
-0.6646851356250887,-0.391863290839977,0
-0.6802574093898136,-0.3019696161917529,0
-0.6888193667411286,-0.18086390029614807,0
-0.6991513136380236,-0.14260474022724406,0
-0.7490153809943021,-0.24113030568916316,0
-0.6479749033498181,-0.23381705461454988,0
-0.43142813789992596,-0.23508501493465744,0
-0.40683800328166875,-0.21154528905881625,0
-0.44018594057495153,-0.24106997828727048,0
-0.4562976488793564,-0.29569325603621516,0
-0.33576172213230615,-0.3040415607100219,0
-0.29980326681807573,-0.2819638642435113,0
-0.3442444807281112,-0.2079564394830043,0
-0.4230205752766875,-0.2632854486060223,0
-0.6382797097313742,-0.34691123383536326,0
-0.32382027745607905,-0.26980349720680075,0
-0.35965173648855553,-0.24362522808405251,0
-0.3988116737374849,-0.19298966946601262,0
-0.44997005943275176,-0.21025821554574736,0
-0.5542094202330085,-0.21881838301216794,0
-0.55204162665028,-0.17481824216295658,0
-0.6531363640272188,-0.258606065083289,0
-0.5652301933689066,-0.2683932289920537,0
-0.5807919328733853,-0.1499673931199355,0
-0.44764231005178257,0.02515685227424455,0
-0.5753862699078326,0.06286124490949499,0
-0.5648731715606727,-0.037319027004176525,0
-0.45519778787934323,-0.08170351933609435,0
-0.5048149701922162,0.09046881926788397,0
-0.5724958589835465,-0.09492625286551792,0
-0.5734121285837909,-0.043284726461642546,0
-0.5851365107650054,-0.09121717762758667,0
-0.6088858739110055,-0.006142245256556697,0
-0.47781882007547766,-0.011960998287351554,0
-0.45426999210975,-0.0702399696671015,0
-0.4315281722643672,-0.07096720367826696,0
-0.33249408400894337,-0.08124427320001607,0
-0.40922151834887266,-0.10167201710922469,0
-0.4415860388886368,-0.07693771619305902,0
-0.3307224206507817,-0.09154341337573958,0
-0.2860258442109713,-0.12191245446617645,0
-0.19894262766489806,-0.1525601614532019,0
-0.3251454979584124,-0.22920055153770236,0
-0.3712801983325747,-0.15386126934085956,0
-0.4417769262690513,-0.02662461232347957,0
-0.4535504040601749,0.08336973266700323,0
-0.4820464076638048,0.007387980903433053,0
-0.4684633021939398,-0.06587002855342512,0
-0.4947401141046087,-0.052863727317049435,0
-0.3057781084691482,-0.1349241046072157,0
-0.24948649044026144,-0.19733337064998585,0
-0.21858044544199404,-0.1003582388287411,0
-0.20256349796939216,-0.06607388869516698,0
-0.34199751954504765,-0.22032331230621036,0
-0.3549652162424468,-0.10189093197956228,0
-0.3654698594968437,0.029816134871619493,0
-0.281859691810312,0.14517732377856832,0
-0.20727691060308776,0.15980815468852164,0
-0.14073131229844849,0.18029177778500483,0
-0.1463735182981654,0.1278717608565595,0
-0.38018567637201023,0.02637654007484934,0
-0.42891997254505276,0.05455094590576107,0
-0.30735577464461555,0.04138754049567639,0
-0.31475023659527057,-0.028454429262111586,0
-0.28523399596885884,0.05044808169208213,0
-0.28140292470188166,0.06168849207188396,0
-0.22171811272001773,0.08460665743787427,0
-0.1886285552452084,0.17424371211665918,0
-0.2630464090060405,0.04589169446608424,0
-0.2665076168962069,0.15929154626551484,0
-0.3125976246942133,0.12001682370709807,0
-0.3319142774545692,0.05621735559263137,0
-0.21665401306684606,0.037240145554266885,0
-0.36540525490829623,0.10413789147490747,0
-0.388954227320514,-0.011268686013052878,0
-0.4155504653500648,-0.053128333779635196,0
-0.44592669684420455,-0.08488749427595413,0
-0.34897253062761074,-0.0625876968560399,0
-0.49140928949060386,0.008662795219984948,0
-0.5048784511269065,-0.24302261743556627,0
-0.5725177602782132,-0.2539144330273189,0
-0.5381241541237045,-0.35657614085845624,0
-0.47513267780042645,-0.40156876226703164,0
-0.35749874285192257,-0.3427731580203824,0
-0.40871368321911367,-0.2834499532724853,0
-0.48999756479752365,-0.27966765871060073,0
-0.523717276783117,-0.2072966071629163,0
-0.4941556213502929,-0.24779588221983737,0
-0.3839233818789935,-0.2770606201545494,0
-0.37721387170441606,-0.15961806416224916,0
-0.4766689480755949,-0.11719480241601271,0
-0.38347400281807226,-0.03226323065520541,0
-0.35468097025838424,0.08483995634191055,0
-0.3190661813478413,0.04398781714854955,0
-0.3783321202219591,-0.0575071836924616,0
-0.4033217254154812,-0.16354212622533082,0
-0.23787409186389635,-0.07054261232655665,0
-0.24305225553738966,-0.06722347475910573,0
-0.2662226324894803,-0.09013941004281534,0
-0.440929378140812,-0.045433255370792645,0
-0.46225527873167566,-0.011263944442358932,0
-0.4938465574581457,-0.09956257574959557,0
-0.5094790156933255,-0.1183734217778613,0
-0.23835619827851307,-0.14638907217620356,0
-0.3195670585865882,-0.22521722437254177,0
-0.26513760018149946,-0.19770750900522854,0
-0.21113909975048356,-0.11865171696082213,0
-0.30569924514271357,-0.06127961338372111,0
-0.357310300368067,-0.07203281683615094,0
-0.3019923643964711,-0.0968469563179174,0
-0.44193632586588544,-0.11304835267603941,0
-0.40889670003963186,-0.12153596432944969,0
-0.5628701186192788,-0.18804468529107976,0
-0.4886033756930544,-0.1386123825410492,0
-0.5588606700285154,-0.23109859583157685,0
-0.5233625288335689,-0.2140306182796168,0
-0.5672905005366992,-0.27355181736874973,0
-0.4921213427678766,-0.27154756782628914,0
-0.5716745668582792,-0.2249402721100121,0
-0.45925163837501753,-0.27623565972788644,0
-0.5083297302375966,-0.3986142275417311,0
-0.47570645556361085,-0.4168728063394923,0
-0.5037184399749537,-0.29779050688800507,0
-0.393654058181544,-0.33550656830304393,0
-0.36908235849168686,-0.4585624129848316,0
-0.4005225888194096,-0.400178614496141,0
-0.387729544003449,-0.19928394369912622,0
-0.3024104501146568,-0.3056669280123239,0
-0.3622540204449247,-0.30378590759348,0
-0.2550307414841795,-0.3186143933952903,0
-0.3305968982465321,-0.29009885739185765,0
-0.235906422626588,-0.4226034349802712,0
-0.17144491756843167,-0.4160473180395426,0
-0.23845570180288703,-0.2765763669593332,0
-0.22019410247227697,-0.4264442454467699,0
-0.29786788986282386,-0.6303903787268688,0
-0.4197266826847177,-0.6024188726897914,0
-0.3730029192773575,-0.5399537422689165,0
-0.3440966265877472,-0.4647856831931362,0
-0.3194711371836479,-0.4579996551045733,0
-0.21625395708196793,-0.4667170949918725,0
-0.21290832351601968,-0.5522803471223375,0
-0.3088169039503471,-0.5332041307451504,0
-0.3712210304022644,-0.7116472911268993,0
-0.3938139881689062,-0.5730161921306985,0
-0.3700991360159826,-0.5704495123235162,0
-0.4067828563396406,-0.6702401313058641,0
-0.33699688143773604,-0.6841445670590677,0
-0.34461599073511456,-0.6331517673888939,0
-0.4844473152565633,-0.7158394244012912,0
-0.3518507312751499,-0.7372984449825246,0
-0.3021179509788263,-0.5587744818345621,0
-0.3610547165109192,-0.6175070807563908,0
-0.24240853094429027,-0.6925158755690752,0
-0.28823180948753435,-0.7919112185881759,0
-0.2214616017859941,-0.7152731634689098,0
-0.2958054269114141,-0.7149761085146641,0
-0.3837964896997962,-0.6747431313663587,0
-0.2566291727894269,-0.6279678547075296,0
-0.2094005188106678,-0.6926882642002155,0
-0.23114996528349185,-0.6971948244087337,0
-0.2954093910451562,-0.607395962911845,0
-0.39096128313197415,-0.6425394026015806,0
-0.3547329863930709,-0.6844124806787913,0
-0.31266813744552846,-0.6376250338346866,0
-0.2077744383978859,-0.815547565049639,0
-0.2734890074306063,-0.8392048941473529,0
-0.28385265064710563,-0.7136481375709669,0
-0.27756424281631026,-0.6729293181295298,0
-0.4324600723543233,-0.6653476873613703,0
-0.4952304229125687,-0.714756656994908,0
-0.46064175587363754,-0.5814026302209081,0
-0.48251233408237676,-0.39100264491910075,0
-0.45545225450339805,-0.23764378615716378,0
-0.46862077743514063,-0.46338873408431447,0
-0.7448047350638044,-0.31377888673937504,0
-0.6450597725166544,-0.36317320328455455,0
-0.7005211723017499,-0.347428140420212,0
-0.7575868089548335,-0.38203808065462075,0
-0.6593002767806732,-0.43668211069240326,0
-0.6123787517068582,-0.4032491053538443,0
-0.7762797234577381,-0.45202928796568953,0
-0.7691932137130559,-0.3812080725995102,0
-0.7226330142469458,-0.44135095485480025,0
-0.455685581546263,-0.39399772520804505,0
-0.4456422952900741,-0.40990306757394124,0
-0.39134480157536294,-0.547264890093833,0
-0.3836285131531353,-0.4327392817345374,0
-0.36003909041984106,-0.4984261056955082,0
-0.403092961715009,-0.5250003201779584,0
-0.2628139039117652,-0.4498205473471606,0
-0.16965691341223804,-0.4083505749832479,0
-0.22715224259348843,-0.36310639213772944,0
-0.17079184506083298,-0.2168150071775187,0
-0.251822945279294,-0.19268207984410352,0
-0.28753767835172656,-0.27749560480410274,0
-0.18308016877953331,-0.3379555671935099,0
-0.2705883270972165,-0.44672876201654715,0
-0.2656773337172861,-0.3798569409515882,0
-0.2679423716208479,-0.43653816174651455,0
-0.3407305424177466,-0.4646610887535708,0
-0.3034128980289135,-0.6155010800755104,0
-0.2635534369258297,-0.6210664870470285,0
-0.24002630020320262,-0.6684219171842061,0
-0.24659876653246585,-0.49197846966438685,0
-0.08232945733050054,-0.6749617830759254,0
-0.07573816863067073,-0.6119318117493215,0
-0.20125377369027586,-0.4916712292455867,0
-0.20863573864793125,-0.39376969993753536,0
-0.2684088040327016,-0.327967585806577,0
-0.36764221619239,-0.3513361056818137,0
-0.38145896390422596,-0.3186816368664666,0
-0.4587144181531663,-0.436293432355677,0
-0.3190899195003964,-0.4313861399413684,0
-0.0810767390079716,-0.5210647415355438,0
-0.011901024922816306,-0.47744751414669107,0
0.03843610908269437,-0.5776915814575587,0
-0.024934838244169817,-0.6285741683482428,0
-0.0387633419824174,-0.7077498517794387,0
0.18224163045959238,-0.7020751685561165,0
-0.0013365893153960695,-0.7384993933003667,0
-0.05207996206288428,-0.7736689806067716,0
-0.0296948302293859,-0.8675211001430798,0
-0.0018768863354399201,-0.7366974297721661,0
0.18415629667146283,-0.7300438582548833,0
0.15688026339875683,-0.7958274055265394,0
0.169054948847361,-0.7263020326950771,0
0.07291717686567327,-0.63939584533794,0
0.19705168378339,-0.8114825899674223,0
0.048830152473498034,-0.7843157233130985,0
0.08465233280771123,-0.8511784673287759,0
-0.07348702071991603,-0.8611695771819134,0
-0.02135519035078398,-0.8325317951317188,0
0.17892489474612264,-0.9067382480992076,0
0.09096640129040737,-0.8324381144622975,0
0.20552756040387116,-0.8653308992624795,0
0.19874744818586154,-0.8606323572916553,0
0.17926495977463436,-0.9036941736784556,0
0.06838607827811169,-0.7615137575239862,0
0.19371839702931562,-0.7281904554083399,0
0.24072100029307883,-0.7631506475899202,0
0.3204325529095742,-0.777526061533468,0
0.19751358191677737,-0.7657301895934315,0
0.10004354670484088,-0.6769347758918655,0
0.06397967641777148,-0.874059371937474,0
0.04272584105597631,-0.7517577407893582,0
-0.04723306421474689,-0.7695042996274397,0
-0.012437824599554642,-0.8573464730023734,0
0.01828995628091108,-0.7543838838458408,0
0.078067464210454,-0.7463090394418305,0
0.09373027263807174,-0.574483364851871,0
0.02005248387707509,-0.6732994959748206,0
0.10573780811770978,-0.6492343018348372,0
0.1165157041406967,-0.686579126450148,0
0.09185638473600201,-0.6354461336591923,0
0.04035439732019317,-0.4039911757539024,0
0.0779577911546438,-0.2184050774753057,0
0.1222282269257115,-0.29810399482224925,0
0.05884515173305303,-0.3289945229620302,0
0.07956159485358263,-0.4290642307278188,0
0.18808417396622834,-0.28837828076891936,0
0.16424427334767086,-0.3988347472611512,0
0.14158048939228407,-0.3934241675978377,0
0.1091052987360122,-0.189710464875051,0
0.1371521421582361,-0.1509234454260302,0
0.12725476485752005,-0.24556946176555305,0
0.13380237380515037,-0.30643859927005074,0
0.13200599534067503,-0.37021807434601245,0
0.19932588634242573,-0.34375089028610684,0
0.12088228094846325,-0.19892632011798797,0
0.16203030348424494,-0.3055618657764288,0
0.037779805379984974,-0.217382015203747,0
-0.010342641198914183,-0.21565521358379136,0
-0.007226747233218836,-0.23922350176576007,0
0.021055498774413296,-0.2892025946394733,0
-0.010610715323873213,-0.2649092676870339,0
0.1617554317454885,-0.22390135268309871,0
0.27991502906308285,-0.3133233924248134,0
0.11444486830158032,-0.14151987863235735,0
0.013097013223460019,-0.21464667628111878,0
0.00020437295859058492,-0.35505873518781766,0
-0.16243503164661913,-0.4685694914258857,0
-0.225908456194264,-0.5975740095737289,0
-0.167564937981881,-0.5931413668890745,0
0.10004924677297489,-0.5206427575374504,0
0.16264892592196217,-0.4402939018257837,0
0.14422865547655392,-0.4723603952463824,0
0.1205429926525695,-0.34787237890051925,0
0.15643511288707304,-0.2966368121712483,0
0.2725392332805195,-0.28120679386339853,0
0.3156955451255515,-0.3974700657197127,0
0.24528111441379769,-0.46057906481595307,0
0.13654940007388777,-0.4552126907663755,0
0.1236281237689892,-0.30525792178403943,0
0.18539722120784938,-0.36960170414394744,0
0.3102431962238491,-0.3391629045334865,0
0.26959021274527917,-0.45312053755215226,0
0.4485592949318113,-0.3218799605094639,0
0.24050577217802818,-0.2547451966796703,0
0.2255505838216982,-0.19395128726985544,0
0.18967671045420065,-0.19100479928713213,0
0.1595647630731811,-0.2598549251645555,0
0.05766916347727191,-0.27110985734027115,0
0.21630106589537407,-0.09735525384524868,0
0.24171432162515588,-0.1313168415863845,0
0.33376960550330576,-0.10090590655467441,0
0.31886441323428005,0.001016250855717632,0
0.3974459579528961,-0.06177162147720698,0
0.36825957502009,-0.02512965924389067,0
0.32044645279204165,-0.07283915402447699,0
0.30595443528678545,-0.1376887803207199,0
0.3308984518814141,-0.17792637129883707,0
0.40185441481162076,-0.21696372153246973,0
0.29671343430281016,-0.15308839216187903,0
0.3870812730005926,-0.2558904883276675,0
0.5247163673733493,-0.21666708027359863,0
0.4162600176368163,-0.03653164983807164,0
0.3007704317810208,0.02546457705249893,0
0.23891553130988497,-0.026285680713054378,0
0.14443955199887992,-0.017084787942956307,0
0.03886738184576585,-0.022139302554889738,0
0.08183894313234469,-0.13850894919599616,0
0.028583269782716192,-0.15225691683970555,0
0.13503521910415983,-0.25188798733248907,0
-0.006324506346501224,-0.21404658392087667,0
-0.0669527032882678,-0.33071818952408916,0
0.08238097889064638,-0.4022299337714407,0
-0.002400010323931945,-0.2571160720985213,0
-0.05691734315139314,-0.3012692123922123,0
-0.1181898438960764,-0.2933689435007986,0
-0.29176323667358456,-0.279056211599737,0
-0.3812389026367837,-0.2785806941757934,0
-0.17183786327030387,-0.25314914095714164,0
-0.12151219077712141,-0.1631323962965695,0
-0.2358576163562704,-0.30009720167789056,0
-0.17629533213589235,-0.09875271680614453,0
-0.08794244180683186,-0.07958068729541692,0
-0.054133211307163455,-0.09277633861655607,0
-0.06977576239445135,-0.09771705372167218,0
-0.2033491883083697,-0.08004871189603079,0
-0.09727872597016753,-0.20171777156273624,0
-0.02194746379567357,-0.108386515020745,0
-0.07585180457326177,0.027935152194420165,0
-0.12212753078757732,0.1425807139100157,0
-0.13236181653840415,0.08538894759155964,0
-0.04124066622457294,0.0954559525209661,0
-0.09092653512262125,0.18392906808854825,0
-0.35223152522282075,0.2696269732799473,0
-0.4046218982419707,0.20644812143856464,0
-0.42202384658093955,0.3171277702170822,0
-0.5335607932575864,0.4486026240806555,0
-0.47158503902903715,0.45818666208489056,0
-0.5127538326989259,0.6049122337043153,0
-0.5644913631573217,0.6146525917929678,0
-0.5282258016265325,0.5923156764732366,0
-0.6741055867104738,0.5313161562993831,0
-0.7753038244637145,0.588184160160658,0
-0.6985556983152695,0.6529110885840763,0
-0.636694637340401,0.5171704836067167,0
-0.6432661209316235,0.5380807012559791,0
-0.6802508758359047,0.5406587943034714,0
-0.5778191730759563,0.7218368716107308,0
-0.5456383398433834,0.7633069815183834,0
-0.5368614730812546,0.8317192177750923,0
-0.44699784190448333,0.8841980081513191,0
-0.4145153832391437,0.8079860525257326,0
-0.40195012517482936,0.7117585651042762,0
-0.40239852587864794,0.89207262872737,0
-0.5423875902022098,0.819188639525017,0
-0.6095866092193731,0.7245739014334882,0
-0.5644780245336402,0.7121909637150456,0
-0.574470621022375,0.7255395727183775,0
-0.5322137295334736,0.7529322838113701,0
-0.5477858637954568,0.7252063495466223,0
-0.49815798375530485,0.6484795231513077,0
-0.5020667389659202,0.618292570672577,0
-0.5952094010766112,0.6194998405994218,0
-0.5164666396872184,0.6454911264626464,0
-0.5885185875317734,0.6676198521440543,0
-0.465315061546295,0.7403652024312356,0
-0.6032028892702535,0.7335100070852688,0
-0.5579228567492548,0.7470827645570205,0
-0.4351436986773319,0.7467587060879244,0
-0.5485592772966594,0.7981378758473698,0
-0.6476089222899858,0.70300026761017,0
-0.5992605386078438,0.6889959086668935,0
-0.6678906450184059,0.5303885230822097,0
-0.6923888390918735,0.5576306332797811,0
-0.5931565126788557,0.4619410285441599,0
-0.6806436170460901,0.43744100410538733,0
-0.6574771403471112,0.5415127973479312,0
-0.6451314629862699,0.4643273476038994,0
-0.7025169901939505,0.36011683642428655,0
-0.7932000569779877,0.4504720213572698,0
-0.6522216717666027,0.5441378794428877,0
-0.6139021074834498,0.36498273298626116,0
-0.6288276083801639,0.32943043958488494,0
-0.693145930646635,0.3292820000400782,0
-0.8766818150732467,0.286919040612316,0
-0.7436833792817353,0.414639714922696,0
-0.7315830358105145,0.3060795030309863,0
-0.8398318746241427,0.2341360093666782,0
-0.7119228373397066,0.2710837104887983,0
-0.7131383048738646,0.17825815852363075,0
-0.69056245626294,0.18855858562514824,0
-0.6793267235991309,0.07012742396660541,0
-0.885925741466952,0.10950277323630173,0
-0.8053288639382727,-0.03757587719213806,0
-0.9256988165393278,-0.02233533173304816,0
-0.9466032227300095,0.011323343478357981,0
-0.7990511310908534,0.0901329986265943,0
-0.687476813421314,0.09361966208614579,0
-0.6255825578590027,0.11206753947209723,0
-0.6853910951057214,0.22046575274349745,0
-0.7225109878552868,0.22595722222844655,0
-0.6884485118138426,0.3775107918057239,0
-0.6000458644530847,0.30394521519162787,0
-0.7314003047735965,0.3009768637940243,0
-0.7949402588708943,0.155706945188913,0
-0.6397723476684933,0.04692268311800507,0
-0.7168192312534023,-0.045083793432576444,0
-0.6168327744716463,0.041003664356409786,0
-0.5483878125001349,0.022154042314155603,0
-0.3374367986828051,-0.05543900544435405,0
-0.48560825508538485,-0.013130903031702494,0
-0.47782894589081815,0.06812860709171731,0
-0.49478337425729885,-0.04913815979300863,0
-0.29309012492267333,-0.017486410702179142,0
-0.20788470363228667,-0.1420931609567806,0
-0.25787426304950717,-0.2529760236951686,0
-0.3409162399312382,-0.09625095001522008,0
-0.37455867854206076,-0.16681036847301706,0
-0.5167119534017456,-0.2082086169956185,0
-0.42244849045596383,-0.22222353091250574,0
-0.4706002659656021,-0.29739733336105945,0
-0.4702129551295145,-0.2686413382547272,0
-0.4368846909176168,-0.16768608585042036,0
-0.4227809705525852,-0.12159270615437082,0
-0.48630796685927175,-0.16121438832825552,0
-0.48853592184934574,-0.07937827315993526,0
-0.47578757529718624,-0.06545752608235174,0
-0.40609393568122354,-0.11628064773322394,0
-0.5970139935338369,-0.03460034143739815,0
-0.6026820615785549,-0.1330272141032296,0
-0.6490318009479569,-0.2180195573439756,0
-0.6926892404261535,-0.13647656156507412,0
-0.6067311782896132,-0.0729894755119065,0
-0.49899628172056965,-0.06025070406235451,0
-0.418505935659003,-0.1807834299705135,0
-0.30324368501244,-0.2041139449583375,0
-0.21084071791395403,-0.040928446636885246,0
-0.3030028598182192,-0.10220421601496438,0
-0.29756236109027184,-0.18325612046010775,0
-0.26417923132461874,-0.22732075996935192,0
-0.2854029448072056,-0.2708730371344589,0
-0.24861710829451691,-0.1461534904527036,0
-0.2910223788205516,-0.315284965238307,0
-0.19351034176613566,-0.3811512146644289,0
-0.10431537953687837,-0.2533508663210452,0
-0.4401277776934518,-0.14318170385810614,0
-0.46449321475043903,-0.2488661342623821,0
-0.5142743535968067,-0.1853544519392724,0
-0.5762545723577622,-0.12843732749283887,0
-0.5489456977532465,-0.04965928782266804,0
-0.4827266673462952,-0.07405748314849314,0
-0.32894383825942214,0.025437903646344143,0
-0.30058810035273653,0.06303401893085825,0
-0.3992223697399965,0.07914452118093637,0
-0.48033505239992585,0.030185824320386342,0
-0.48562132608218966,-0.04845701248848487,0
-0.43374269352257694,-0.10795017514096797,0
-0.4109319445019695,-0.26066964547010285,0
-0.3587743970310418,-0.2535129807413804,0
-0.49470070917151976,-0.12144821290761887,0
-0.48040540046348723,-0.004388209393582407,0
-0.380503989234941,-0.07523433435285977,0
-0.4296587613132637,-0.07454348607876521,0
-0.547915611903265,-0.008759782094123605,0
-0.5093038045196354,0.0953796679185166,0
-0.5329684858851634,0.16248744501263895,0
-0.6109987559565865,0.19937960104843266,0
-0.5549159413482635,0.1863219513856355,0
-0.5507097742329714,0.11314427252306081,0
-0.6144119787645537,0.06592857117096573,0
-0.5837590718844886,0.2032287324040383,0
-0.545540627118035,0.27267790305732864,0
-0.6116608290440664,0.17184915816707863,0
-0.5543370597799698,0.18893405579730985,0
-0.656994806407837,0.1956654487541697,0
-0.7250517361716502,0.21535139022069444,0
-0.5565839369672873,0.03156266487633966,0
-0.46397004734770086,-0.05146128916417253,0
-0.3821654718646207,-0.21494823435815805,0
-0.3926510632251631,-0.14874457114357126,0
-0.3327186172597341,-0.12448014281838353,0
-0.33803505523443717,-0.1601050046746316,0
-0.44462014197905125,-0.14857711858005804,0
-0.2676864427827035,-0.24306269803694736,0
-0.31024975462070614,-0.43085550124890915,0
-0.3182295113214549,-0.41804760340323016,0
-0.2424306083419454,-0.40885409433909603,0
-0.08982993920957918,-0.4853615366366759,0
-0.1441538343706198,-0.5309754513139215,0
-0.22426363511694775,-0.6010222283605002,0
-0.22391775220209667,-0.5714738358984361,0
-0.19590183469327466,-0.5764581971744807,0
-0.14972376532494153,-0.5153613218990069,0
-0.33750957289403066,-0.3826942528209395,0
-0.27859753235067514,-0.3386397393099799,0
-0.3567761571832235,-0.4294272571004808,0
-0.3594897533738675,-0.3403169323363458,0
-0.28910543302816505,-0.3293832078064639,0
-0.3674470477102973,-0.23311734124260447,0
-0.48048639648994196,-0.22768878604530518,0
-0.3892992313242084,-0.2532279987888756,0
-0.31986703518078596,-0.4731917928665159,0
-0.34385252557426554,-0.4463392429888827,0
-0.2593469686635154,-0.4272167505501769,0
-0.39815802113817655,-0.4806887579856904,0
-0.3700726678463388,-0.5808227981929873,0
-0.42023239199992696,-0.5513679259150629,0
-0.40599469378283315,-0.518262440311185,0
-0.2791960292807568,-0.6924303118668189,0
-0.3254045809498194,-0.6929123299520201,0
-0.436978121545445,-0.7490575202417344,0
-0.49035944107633833,-0.8405699691787798,0
-0.4739374025730465,-0.794494097870032,0
-0.4108812767770197,-0.7821584978476628,0
-0.24924594569735437,-0.7444238723382169,0
-0.17597180050699024,-0.6992915661704786,0
-0.28581547582972994,-0.6338121471509673,0
-0.37377876171294866,-0.5807197045658655,0
-0.23918096026520233,-0.5809787465270114,0
-0.34321690514042874,-0.6010659515145453,0
-0.39630440825619856,-0.5964108245062647,0
-0.22390136187875978,-0.720382176562639,0
-0.14733078126789867,-0.947526747552718,0
-0.05704831272222813,-0.9236936526613322,0
-0.03744465554297887,-0.9557862654656882,0
-0.02294380145487214,-0.9105807600912474,0
0.11565093091434357,-0.7881896828608282,0
0.09202220362063773,-0.6644888737629536,0
0.18223146539602497,-0.8610373588732831,0
0.2610979302585941,-0.8371949438278474,0
0.22879874321957588,-0.7962125519521305,0
0.2564914758068297,-0.7659408397263849,0
0.3047610072322593,-0.8167207925100576,0
0.24264508210301128,-0.6932751417510589,0
0.10721853021762537,-0.7518907301948471,0
0.1747353985424195,-0.7427404657778393,0
0.3170758025104285,-0.7823350331524409,0
0.46693669999368403,-0.6772900625685797,0
0.4121369937382685,-0.8640814262449066,0
0.48987312936978644,-0.7993158880805165,0
0.5213456457932792,-0.822333164755694,0
0.49677298398222824,-0.8068279194212178,0
0.4382880064756191,-0.6943198455571346,0
0.5044025797868416,-0.6251389478642954,0
0.5312264961203238,-0.5588362144384678,0
0.42488272574652364,-0.7074816976271702,0
0.3745118136910557,-0.618389310004125,0
0.4087834060289146,-0.5978554104686714,0
0.4738299238664626,-0.6555433121505018,0
0.4451236514002496,-0.6253526665843046,0
0.43154628035910836,-0.7503059120296822,0
0.42019380370408493,-0.6811652200147409,0
0.38166289924079283,-0.6227010193800258,0
0.33724844873154414,-0.6864426020194115,0
0.5119963382997864,-0.6438664948268794,0
0.5404697639560985,-0.5818871246505489,0
0.5320563598950139,-0.6551217040044633,0
0.6628961419047873,-0.5948965354553168,0
0.6213600558737178,-0.5569515429809172,0
0.47139401691894867,-0.4774629431073505,0
0.39737551051595815,-0.5178580236617801,0
0.4894500641610436,-0.5144646064581623,0
0.46647575195049884,-0.5186682975244182,0
0.5150465032922176,-0.6197216388564936,0
0.6567176016788868,-0.695321163564429,0
0.5566153673201397,-0.6978987227624421,0
0.6327078318507958,-0.5662907103174121,0
0.6150552731525462,-0.6578494716896528,0
0.5013843262146962,-0.6308937914179877,0
0.4901502339893997,-0.5681228518637975,0
0.3624839107260624,-0.4728405023261217,0
0.4699735312928204,-0.5106166374944745,0
0.548537141366266,-0.3670806330051243,0
0.6183756087852492,-0.3586095737825048,0
0.6982032355812294,-0.24051971558223018,0
0.5502208952814789,-0.32320894639686304,0
0.5895626691823731,-0.21087558421241792,0
0.49238426468304114,-0.06445692570039449,0
0.6265130425343468,-0.1379293561786099,0
0.6467161183690694,-0.1953212561411601,0
0.5835012709068089,-0.21964168174091392,0
0.6358518331638524,-0.1434903420243257,0
0.6450917563968909,0.022927233634671862,0
0.7024562650816223,-0.09838722150575212,0
0.609585269583942,-0.09426464814575279,0
0.6493847381836766,-0.1382332243552382,0
0.7223912426353516,-0.030851310714348615,0
0.7460518955305855,-0.19788549109611175,0
0.8018076524218664,-0.12804994382608026,0
0.7593185310825409,-0.21512975301605525,0
0.8537797059069576,-0.1622025514827673,0
0.8263710077584254,-0.28712800011102285,0
0.8246980057731385,-0.24833928876228586,0
0.7859182709709751,-0.08370641033247844,0
0.6627335644544461,-0.007569904276829978,0
0.6524018115940486,0.06317755618864052,0
0.6415710281944529,0.2497630616342173,0
0.6170857565411306,0.21985553314244877,0
0.7240731841984107,0.4053054776429985,0
0.7144981226470457,0.31922905487817094,0
0.624236433988125,0.31877419895364595,0
0.6400384204053541,0.2792820984028096,0
0.6364897895845961,0.19085058400516602,0
0.5992178298189179,0.21556673757058534,0
0.6366864888719342,0.24091757042393114,0
0.585001418929841,0.1210709432205255,0
0.45494797760330585,0.19642712097356319,0
0.5941243764488318,0.05678355302539975,0
0.6005082660818052,-0.01963977590572487,0
0.5258500241789088,-0.1153716775601587,0
0.5326637918281154,-0.2666620120363086,0
0.5298385674041246,-0.323979664926208,0
0.5044479032169129,-0.3410044085624372,0
0.3690329194849725,-0.2965954742973869,0
0.2335556108991437,-0.3040772308404249,0
0.3284468888025567,-0.23192771758558856,0
0.2134345830029103,-0.17338968178598535,0
0.059553583845686014,-0.025260195406821145,0
0.2459559919569992,-0.014214464982527698,0
0.3249808199721267,0.20840472972225785,0
0.3305330874094993,0.006764862434437663,0
0.3256218519931092,-0.024616142382956556,0
0.47936413288554336,-0.058612607882244594,0
0.46549616775195835,0.03133094881985811,0
0.43798347301734736,0.10686197287649536,0
0.2469736562629652,0.03629185066782979,0
0.18097461880033447,-0.03573334227740928,0
0.12921808397454698,-0.03179901493472466,0
0.27394449258099113,-0.04394495230368127,0
0.226643275948813,-0.1233254003007471,0
0.17875571963559098,-0.06354788006363303,0
0.062487272499001364,-0.003980789953535256,0
0.09998902332295923,0.054110651591999986,0
0.12309958269962444,-0.019871552931176442,0
0.024827945216355007,0.008146580277473198,0
-0.011511181874619657,0.027953397952978465,0
0.09735485931218374,0.14418128928659535,0
0.14977278754616835,0.14700664855987938,0
0.054007532062732164,0.08306891615179421,0
0.017833968743107026,-0.017754108744176933,0
0.14380789727121382,-0.002072037360142328,0
0.12466280496785628,-0.10575409259777711,0
0.05739134115706264,-0.06076502887108551,0
0.00810452223516344,-0.05432049003091612,0
0.05333781424574825,0.1853364258582706,0
0.03494675621653913,0.004280985149516692,0
-0.08186029866750735,-0.07965594803056145,0
-0.13544163795883815,-0.06734049351395653,0
-0.2902233543511011,-0.01362953526601808,0
-0.03897257541670135,0.1522128619231667,0
-0.031476585002805674,0.13337124827776312,0
-0.039043682230681935,0.09201043790409533,0
0.0505104276604141,0.044441443472858895,0
0.02995730815860751,-0.11503575134723432,0
0.2915514227921372,-0.2342658030556122,0
0.17909341325851585,-0.09861800604043308,0
0.040269725425201075,-0.21289867619217698,0
0.11142480384987083,0.05456370778367095,0
0.08028252587043588,-0.05773127572909212,0
-0.06965147494691534,-0.046147906922018506,0
-0.20421049781022713,-0.007640307493838865,0
-0.023138087592743994,0.0420673529818352,0
0.018961479883236425,0.03720217950426567,0
-0.20006339833701028,0.08568716524013759,0
-0.2543076253963942,0.044612463720778595,0
-0.319437392351198,0.027256280047925376,0
-0.27763828708444693,-0.01940562605237352,0
-0.3430802313608767,-0.011000657014803406,0
-0.2716493856367755,0.06357995146417991,0
-0.25803704627314095,0.1007677970076995,0
-0.2827532009067852,0.26556832727406,0
-0.25154058979711175,0.2679617724822428,0
-0.3848046503630608,0.3324533312207475,0
-0.3689562878804493,0.4674110959558095,0
-0.38881132285636294,0.5459137310423244,0
-0.3422760366486287,0.41597518736927375,0
-0.38512720412969514,0.39633046106112735,0
-0.5287310070533219,0.405908403280014,0
-0.3886148769352572,0.5117073579577499,0
-0.5422347596215515,0.5669930969314302,0
-0.39053880998811685,0.5195919612620239,0
-0.2848667484307753,0.46331960722821797,0
-0.30278353143715026,0.3837396776958629,0
-0.1854527674489448,0.5414413297346361,0
-0.20617799660749564,0.4972742216745892,0
-0.2515771385609705,0.3073414431614069,0
-0.24888613714191124,0.29650417858205713,0
-0.3673889687848002,0.2902193391978377,0
-0.4495143381595029,0.37845462725847073,0
-0.41800576354594593,0.4493981582744542,0
-0.4145221291924003,0.2801539170891096,0
-0.48191074403779216,0.3620792655602564,0
-0.4893036992501826,0.3072477941999895,0
-0.48708622525980855,0.3374112278006796,0
-0.4930105654123631,0.4674823913245349,0
-0.4803650481582502,0.39580974190075624,0
-0.4745076364045697,0.2907813486701003,0
-0.6150677969707885,0.2934785097198468,0
-0.6567124797523974,0.31286274307713596,0
-0.8603667520318814,0.2716702704013832,0
-0.8268148000616885,0.15556773952859765,0
-0.7763427187748438,0.16903460074851215,0
-0.7806801689273098,0.16741064960690616,0
-0.8871325592609366,0.20645716442404471,0
-0.7875839397470433,0.35334950580900226,0
-0.7756703771681865,0.43911467970478996,0
-0.7177640816256033,0.5450204631960924,0
-0.8342088027363994,0.5051145198170464,0
-0.7866049956661723,0.5323611086906441,0
-0.8313083709372046,0.5369913762604217,0
-0.7537979835682924,0.6567915918391622,0
-0.7871072175407055,0.6201165574404311,0
-0.6631440911129584,0.4705520129061761,0
-0.61488175745213,0.547600385222398,0
-0.49405332597739043,0.6794047359313742,0
-0.6535228457485132,0.5088110744553704,0
-0.6442099595008177,0.5092481347194259,0
-0.5320258566572615,0.4037469127415137,0
-0.47571024267140793,0.37305970461857574,0
-0.47567475399071296,0.4503577578633959,0
-0.5813140388256892,0.4972048491803025,0
-0.4030871841455946,0.5424607030749254,0
-0.472445496261638,0.5602871403132325,0
-0.45849939168598636,0.4486197049716749,0
-0.44123918587564614,0.4480863628673526,0
-0.44404397779318067,0.43457979400154656,0
-0.5505769680173691,0.4621157567554257,0
-0.5409657552158065,0.2858726297787037,0
-0.4958607984613149,0.3339224847540787,0
-0.3034786661244976,0.20701673486231978,0
-0.2991073812822811,0.30418490562890466,0
-0.4587228068634853,0.10250886404116163,0
-0.35764022229499115,0.11913528657365346,0
-0.3711880762225255,0.23408147582680025,0
-0.39295022294672016,0.15032933786356345,0
-0.33210298513243885,0.2172671654205953,0
-0.4244623269371422,0.3101816398955991,0
-0.3822467969854539,0.3688911157674368,0
-0.33767759616554555,0.37416489279058124,0
-0.3148455053509404,0.4779628379279391,0
-0.450503040616713,0.37478100701789485,0
-0.4588518107971762,0.3716966043405736,0
-0.40192168883314383,0.3816085939355331,0
-0.38282213893890593,0.3425486954619753,0
-0.4149754917850301,0.423963486278618,0
-0.39231341643625073,0.34784130759264703,0
-0.419605536444836,0.6102299318946589,0
-0.3628032417392284,0.6468475460534499,0
-0.2317779709117612,0.7490448849069529,0
-0.21198309029410953,0.7598363286195998,0
-0.27531298199595655,0.7536602318277642,0
-0.3824413714774173,0.6886770409610175,0
-0.492465312334715,0.6234145672946987,0
-0.5320818795025841,0.7351301274113397,0
-0.6346058351679956,0.7241056667872138,0
-0.5353689584897039,0.6762396377730355,0
-0.632232432705468,0.5923338049260334,0
-0.6459943068059182,0.5417780113110127,0
-0.529144451543156,0.4369736346792876,0
-0.5167167214589237,0.7721421272521345,0
-0.4368146028551524,0.7212619832827099,0
-0.32856732446189163,0.6082398163671248,0
-0.3618631485687501,0.711595552242597,0
-0.2763354638066766,0.7125606815486818,0
-0.2801136260454491,0.7549171179884442,0
-0.0985516971833901,0.7762311392880584,0
-0.04149569648507473,0.5597158481052247,0
-0.05300723237365926,0.6242374607695039,0
-0.04735800130895612,0.6056816373059305,0
-0.0006883210103277096,0.47460697575712574,0
0.00302316045836242,0.49379887959291274,0
-0.06194152234363955,0.4012371864096028,0
-0.290841753533316,0.47154570655171113,0
-0.2687585715437705,0.45853081217271663,0
-0.0305122256369956,0.3286396185481217,0
-0.06311363231805613,0.28289882045249604,0
-0.13220370903489348,0.25441221617020077,0
-0.26190321975802233,0.23662909443148236,0
-0.2967352737615641,0.15298362362814816,0
-0.20973607767151448,0.1585467662315472,0
-0.2423649096034987,0.250005110496194,0
-0.2365993737621345,0.21836278527204261,0
-0.15620651308406144,0.2778864798016998,0
-0.293989831733841,0.31365734300958426,0
-0.1880104381144998,0.16145279020002243,0
-0.1263460585988584,0.22757309374158166,0
-0.14565355924655318,0.2340542822201666,0
-0.03211170928824994,0.23202540387533646,0
-0.05742217219938322,0.1951462684308139,0
-0.15843820266363567,0.1757073136688399,0
-0.07669006668457594,0.29373287885560695,0
-0.059288151470844555,0.2519618730844774,0
-0.049086859940727506,0.22045807211314478,0
-0.20648249333657737,0.12432068928647912,0
-0.1367402217085961,0.2799630856075695,0
-0.15230921586435733,0.24051330828156053,0
-0.13682298124266348,0.26930301228803777,0
-0.35378589978582714,0.28608796412273696,0
-0.3392002916819649,0.3094290469487908,0
-0.3411641552995582,0.3536515903498624,0
-0.3239956510582108,0.29811083891683277,0
-0.35524439338700053,0.34912371060594427,0
-0.4671707089703424,0.26630021966008066,0
-0.31991420714730356,0.2801613784836446,0
-0.27343411344470403,0.35916608571925573,0
-0.29937811073338083,0.533962759199038,0
-0.21087320908061494,0.5019730574702733,0
-0.47256514346597756,0.4673515069180833,0
-0.38631429345261314,0.32150711764836015,0
-0.5440947661103783,0.301151049627717,0
-0.6352200507942006,0.34432580558074366,0
-0.6373244985103151,0.24950679816641402,0
-0.723128199819621,0.06754513654342309,0
-0.7089831800600889,0.1395768194906611,0
-0.6328477097163038,0.2152082254516378,0
-0.7237994726603714,0.3759241813723942,0
-0.7302331399735447,0.2597191779781708,0
-0.7565044572769228,0.17421756549864031,0
-0.7052546555793239,0.27808678421659955,0
-0.5135528449102836,0.300082659446832,0
-0.4938467955951832,0.3670091549932212,0
-0.41410027907846014,0.32431211277788524,0
-0.4008968634021804,0.40592036573456863,0
-0.31066320420804816,0.33068525663435827,0
-0.3739034034477797,0.41196990966884933,0
-0.41188499052272337,0.46917000134464204,0
-0.2417716662926937,0.5976521409146478,0
-0.27516021071121155,0.6875662119029886,0
-0.3873392274798516,0.7464221327580092,0
-0.3779184941515323,0.7227564392707626,0
-0.30517464135472694,0.6796035956055493,0
-0.27232807921036434,0.7738201005649233,0
-0.257107731041827,0.7909163392765663,0
-0.2573683858040131,0.8523221180014979,0
-0.0867830501883037,0.8799032662344239,0
-0.23358457603705646,0.8674215894399575,0
-0.09582854536921656,0.845176073003654,0
-0.22121875778898387,0.7650218424985402,0
-0.11576909215228301,0.6869854670869624,0
0.07294311544172327,0.6343951968939525,0
0.15394277305757453,0.5473939772828164,0
0.1285072140011828,0.5065882044375596,0
0.2281176326734169,0.6455301844226988,0
0.13667735397502728,0.5809569759990895,0
-0.009823857482830572,0.5907510123972792,0
0.057382757578018584,0.6889474748833746,0
-0.039768443230183914,0.7075738585105124,0
-0.022973250655668905,0.7847780810844974,0
0.038073741653353116,0.7766260550773191,0
0.019034483055912717,0.7214863291132085,0
-0.05756860946406802,0.767183410510038,0
0.10236059974392134,0.6844428666681066,0
0.173585198136415,0.7993010183546444,0
0.12214070803144211,0.8127745859599274,0
0.03718248175411627,0.8807032159737835,0
0.14150235967522967,0.8219111906862562,0
0.02676535698368629,0.7558219977940652,0
0.013128033737020246,0.7016175961930408,0
0.03198488690258334,0.691763508070923,0
-0.0882567992855616,0.8174335183134014,0
0.06418365942829479,0.7698590679241237,0
0.0956069250300833,0.6669588784596805,0
-0.009804703227230205,0.6926985898204285,0
-0.06844343629803612,0.6804940033443174,0
-0.09706435668878491,0.5542338505074254,0
0.012349204815549228,0.4794670254598741,0
-0.015235135622528258,0.5764700120559293,0
-0.03168379538641016,0.5809899945754499,0
-0.06861234763122234,0.5701962173500755,0
-0.0672478481252886,0.671621554035754,0
-0.005614294657460127,0.6152182254626886,0
0.03066990049788975,0.6070019851531337,0
-0.09771213299673354,0.5206085983008206,0
-0.12488097869241793,0.44790146251744545,0
-0.004085065190779044,0.4241725629784529,0
0.08341369261787261,0.41143485047126443,0
0.07749383620871941,0.22057172533080935,0
0.19523945668071457,0.1662665680285059,0
0.3813600196227536,0.22867691410259244,0
0.3556494679432458,0.20024011802133626,0
0.4314779862781377,0.3213756549179072,0
0.4141926705255077,0.33046169819801724,0
0.4390196424554545,0.36767710092532246,0
0.310600646654738,0.34083308558462594,0
0.3029190149153677,0.3225695119186218,0
0.2536945128942415,0.33327554989257646,0
0.1778185293852769,0.3647183523520911,0
0.034011652520800795,0.32555433262673616,0
0.12108528799444364,0.33838799832463445,0
0.2217484426434463,0.4572932775368908,0
0.24200241650238893,0.2813004848625279,0
0.34673067564170235,0.30993137211916116,0
0.2197947377100916,0.13710290742028453,0
0.26640412170550287,0.13673920511594712,0
0.08001601604921837,0.37344159475576333,0
0.07406212009399817,0.47209557583159467,0
0.01448937733991474,0.4309933899750022,0
0.04442506686492177,0.598977557426051,0
0.103196562769164,0.5495932229057695,0
0.13791234329704116,0.6750636662615068,0
0.13256783176673892,0.5293840892408335,0
0.11166160387198938,0.5014834335312905,0
0.24295224687908967,0.4811983141791252,0
0.355852456853217,0.47195256989074374,0
0.20964507562132542,0.510690182900473,0
0.10743988604758488,0.579959272075664,0
0.11325009991114016,0.7255866864801412,0
0.20302626123151724,0.9526380933863641,0
0.176514111959566,0.8786120760418872,0
0.2171265307251042,0.8335172943005996,0
0.17481396635224133,0.8326978124920895,0
0.23471607700941552,0.7734941873781894,0
0.2665140539573348,0.7966040952727564,0
0.4775283872857162,0.7038610081448203,0
0.519888532616957,0.7850374028960281,0
0.5745615719817845,0.6318764649684478,0
0.6582131309031363,0.514965655053235,0
0.682889356793132,0.43332063337439203,0
0.6691428993478779,0.3466484284376599,0
0.6377755079901932,0.4240570385836993,0
0.6837718730867175,0.5295367661568053,0
0.6366710364626221,0.37655973596955583,0
0.668518834998979,0.40325061986374333,0
0.6845732137265268,0.270883349727699,0
0.6417044558651472,0.1527033204206565,0
0.7092123927237088,0.2930692975511648,0
0.6450757873561124,0.3544886498847715,0
0.609932966787722,0.39602141143981695,0
0.45227151461963844,0.44278593012184253,0
0.5312899894542782,0.675745747852093,0
0.559528336191568,0.6914841276409982,0
0.5520477550746101,0.7876252604530692,0
0.620211140211807,0.7404482629761309,0
0.6249223255232292,0.6457098151880862,0
0.5962020351009115,0.5459874706125275,0
0.42207924371921335,0.4543232638144663,0
0.44844763383524683,0.4061392164099264,0
0.3591793866839958,0.34845678512307526,0
0.3768355679154734,0.5213806756798458,0
0.387437170080626,0.5975379700466846,0
0.5976141250287317,0.5693863156525222,0
0.5280366190424658,0.6246740036325307,0
0.5471562724321641,0.6954364718843692,0
0.5803090123472733,0.529670397921759,0
0.737473033514622,0.5419294044476045,0
0.6638858496678567,0.49889614016010153,0
0.4382060042074074,0.5409850189386727,0
0.6107613623374861,0.43521142525257595,0
0.6963809723071541,0.4435004038709585,0
0.5606124101472802,0.4310750212279459,0
0.4200019326686923,0.3718657407485763,0
0.5095550271035105,0.49668189514196837,0
0.501616826657543,0.6312588612001832,0
0.5344172777260184,0.5187917182338052,0
0.3869115606948862,0.49278395864914204,0
0.33443694646511823,0.5311459944571317,0
0.4781710562767474,0.5022613373387735,0
0.4900015614157885,0.6323938677492943,0
0.5630703476871446,0.6645953748456837,0
0.5262112823801373,0.5980845009834668,0
0.4953857639939738,0.43302553181955766,0
0.5786412855407956,0.4561042426578275,0
0.6411941482013775,0.47367513322173094,0
0.676234995691583,0.4899172624036354,0
0.5441231430281179,0.6660015542721436,0
0.6046278038822153,0.557948322970491,0
0.5648086669736401,0.4661219379874392,0
0.6084924540936222,0.4264592094632836,0
0.6265822797432117,0.5502739109039769,0
0.45729466182326733,0.6600201084831052,0
0.3637022209129097,0.6127589958543433,0
0.3536013412981939,0.6512816585373854,0
0.40379052507770036,0.7037148831970126,0
0.3165435295267689,0.5543979927788262,0
0.3520095663199369,0.47947885364712295,0
0.4426812633655627,0.6865270479889459,0
0.37391073303939565,0.7909900204504494,0
0.36984023514493924,0.7118002274536939,0
0.19487537864648966,0.683897226937443,0
0.15965837794354135,0.7077828834839968,0
0.2562261036454849,0.8565225338433108,0
0.23499441877063415,0.8878986702874185,0
0.1617788740075935,0.8532355801481953,0
0.04900890328073962,0.8474012127145686,0
0.003420785062250409,0.8946563464159498,0
0.026498505217069798,0.9057627185722822,0
0.09876113857579608,0.9055348794777786,0
0.07565979490349266,0.8572841790074119,0
0.01227123468873595,0.8936894040058874,0
-0.19253973093703358,0.944679919764225,0
-0.20377412239648518,0.8507927663213823,0
-0.1518710090528071,0.7874107025573593,0
-0.13671487891032574,0.8027051957003043,0
-0.05137121680890361,0.8733840767080163,0
0.10276723134502364,0.9325378261831305,0
0.0022439621117228137,0.8859571853896575,0
-0.09086073209499322,0.9656607566518365,0
-0.0948937149929488,0.8628997856584224,0
0.0015565754164757334,0.8869237479498979,0
0.08467934310687925,0.7771795691167912,0
0.02112898922355072,0.7493073289305254,0
-0.009563015477368441,0.6479292802831363,0
-0.04778878415425969,0.5610898401139008,0
-0.012331774688402596,0.8165849609337597,0
0.021497819756213496,0.8212754504895827,0
0.10892326846682858,0.9035051393856969,0
0.011097400478386532,0.8102677553747003,0
-0.02836248814881038,0.8038612982488097,0
-0.07922832824789171,0.6331357603517681,0
-0.1579796381924406,0.8405427572271783,0
-0.09951224621768653,0.9488163864195293,0
-0.13034663580006464,0.8721681170355632,0
-0.1997622593787689,0.7263337846451524,0
-0.13632366693903086,0.6530201413514204,0
-0.11007998318187484,0.7032139313230151,0
-0.14669180050820219,0.8038114952797127,0
-0.2769659328757272,0.721348889180675,0
-0.22283524116158096,0.8103420391163815,0
-0.06636559046333568,0.7779327815939098,0
-0.11632593485965032,0.8212438369887441,0
-0.10801318348764212,0.7885503718112746,0
-0.16333489453437508,0.7506088140710835,0
-0.3494193664388664,0.6725314822043953,0
-0.3603597425489509,0.4706115455787184,0
-0.4175590872655436,0.3369954400101246,0
-0.3685013724245995,0.42154919189122503,0
-0.4793884535227433,0.3993381013687504,0
-0.5142589637791748,0.4272601236310336,0
-0.40607360118295466,0.425920792971036,0
-0.4178877841631842,0.4414056251041748,0
-0.3663974309440617,0.43409906333954573,0
-0.42743403102617816,0.4206111002950041,0
-0.5198535231158805,0.37730084922797913,0
-0.4475680476209435,0.5003407355033838,0
-0.543184175066511,0.6566548761339133,0
-0.5713436070521443,0.46186511874803987,0
-0.7362793194317515,0.5661155378113352,0
-0.6272686640896605,0.5227261568963135,0
-0.5784948086559228,0.5156166620298369,0
-0.49164407361471796,0.32670372748640153,0
-0.5460130512496952,0.3307615477919248,0
-0.5529197732243153,0.2067621481980692,0
-0.5856405164817549,0.3225038069035508,0
-0.6906491886792704,0.39876746559847265,0
-0.7507534714589476,0.35724998630809957,0
-0.5828091951063422,0.3195386477171902,0
-0.3875155052252054,0.3818866928197815,0
-0.3068855273628027,0.2844567162881549,0
-0.3565310637079273,0.3388730861097197,0
-0.20849043830084796,0.3871800306417305,0
-0.18069364171709454,0.3291390249763265,0
-0.3131272079737857,0.24982894394064245,0
-0.32334618432055756,0.20595592663876944,0
-0.18276768745302235,0.3215456201797609,0
-0.23179670186532278,0.3925747091501833,0
-0.1998463112597979,0.44767469126469045,0
-0.16129311715082967,0.4740792507933447,0
-0.2604224386563489,0.5395766356076551,0
-0.22929688090247477,0.5217801575701593,0
-0.12049929240122374,0.6312633041613591,0
-0.1593082123041044,0.5041196968018642,0
-0.01987395998340369,0.567332774890048,0
-0.07604604477594251,0.5976143956696518,0
-0.012128406803172023,0.5363014739318421,0
0.012766320062520032,0.5685843642389509,0
0.014690538363450042,0.5314910618317535,0
0.026712217346638707,0.6355785763968036,0
-0.0450049657453759,0.5981842326301733,0
0.05517871258474071,0.5749473949440488,0
-0.10743310258305927,0.5593613102574768,0
-0.004738883089546855,0.7626081522549348,0
-0.19174364225913265,0.6019063722283928,0
-0.13672404927212017,0.5779423191262819,0
-0.31371071942515266,0.5171129938962122,0
-0.2852364128468798,0.4104190857007936,0
-0.2990559672612974,0.5357358503633138,0
-0.2809501480086637,0.5260022630783203,0
-0.3106024838799704,0.49052236217405504,0
-0.33726794783737,0.4237971641006557,0
-0.34050265441601074,0.4621433058079345,0
-0.4221762482258501,0.46320279719272545,0
-0.38239304131041396,0.48207996204252146,0
-0.3286590525381339,0.5645535146566915,0
-0.39804784008798677,0.6246067803807085,0
-0.38053203465254815,0.7576483222663288,0
-0.3592907407242342,0.7882293094744839,0
-0.3426263056712468,0.7484315842149356,0
-0.2490094112375105,0.8856742562826767,0
-0.09637611489238321,0.8658017314403169,0
-0.1181172224850947,0.8390952723998211,0
0.0024210978282819956,0.8588503781268731,0
-0.05474861227743362,0.71947786751107,0
-0.1413883484774325,0.7924771755041864,0
-0.12692082532634316,0.7904863833534461,0
-0.036386149747875726,0.7329310548893296,0
-0.11466587310223336,0.6516106107127813,0
-0.15215121895072048,0.6675476657685943,0
-0.2847252413840746,0.8400834584284693,0
-0.27224906594028636,0.725352108721083,0
-0.2670025054445639,0.7766594369094935,0
-0.2750959635723878,0.5979041719021608,0
-0.2140391188442646,0.7274959870687937,0
-0.22540087840782658,0.7652108117018896,0
-0.2284202423479115,0.8502690163004335,0
-0.343872674720899,0.8177715990511315,0
-0.30233348068152993,0.6565464127332387,0
-0.38186496575786977,0.5220501880528833,0
-0.2274417575147248,0.6216691824928178,0
-0.3181156279888734,0.6649868957497956,0
-0.26933766211638827,0.6137207501256473,0
-0.4329390076040339,0.6819261610457471,0
-0.3624504335162334,0.6353122548661551,0
-0.4340156134295743,0.6726821561486458,0
-0.6382962314789057,0.7189378627822435,0
-0.6512639369285927,0.6575141205798972,0
-0.5958154324407026,0.4808074608970061,0
-0.6129683981054951,0.4858942639123819,0
-0.6585706091642078,0.3991604257089777,0
-0.8424146543174015,0.3262396644007407,0
-0.8854559957718073,0.2932343368509995,0
-0.7806889945207828,0.44697524673455913,0
-0.7675361503618475,0.5290550650114034,0
-0.8670891692094278,0.3811401974034201,0
-0.7521919447974954,0.39346435094416105,0
-0.8873598661678292,0.3713677369807807,0
-0.8394273818352445,0.2996190864750068,0
-0.6803560597913274,0.2905156652122471,0
-0.6046423620447258,0.24099953173179656,0
-0.6554618324674325,0.35406442485626555,0
-0.6456760510876252,0.305817035730677,0
-0.5783485204748704,0.23056340778094975,0
-0.7887590562421678,0.21366879813813922,0
-0.8688593848150056,0.26180397100762254,0
-0.7885389605385993,0.20887362546684135,0
-0.679402043406383,0.21528511171944675,0
-0.6604760020408267,0.35901642996979655,0
-0.666079034981312,0.34985445997168224,0
-0.6750476695025116,0.3422875602904999,0
-0.6626546232499682,0.2630567214622828,0
-0.6279983657044221,0.4620795901820719,0
-0.6344220107053691,0.43580710595771016,0
-0.6036662251912477,0.26668426748873636,0
-0.6038122327843348,0.28628345893892587,0
-0.5980564871879358,0.3642918291910741,0
-0.6102596948728227,0.2121758965085968,0
-0.5619412086704222,0.22927516851548974,0
-0.738671974328116,0.2411286867570285,0
-0.5898227516640369,0.23051549596377555,0
-0.5783623858954338,0.13441495509162268,0
-0.6240888224084336,0.24077557407300998,0
-0.703896321318261,0.06934237875384922,0
-0.6763584212964282,0.14981462540256613,0
-0.7536042125387042,-0.012674597391180958,0
-0.8648803178372925,-0.07789219307529308,0
-0.8694183609056858,-0.04099036834943164,0
-0.8159006361716357,0.019582840476892176,0
-0.7245953982229991,0.11167622188251297,0
-0.926666976606913,0.14005251795345058,0
-0.8614778387730837,0.22042554934367636,0
-0.714337610316456,0.27251412985953377,0
-0.7773898677039964,0.2313668777211915,0
-0.7305337552640747,0.21694786671016358,0
-0.8498209558669908,0.09206887100208327,0
-0.8976325150060734,0.20180863204372534,0
-0.802115958546047,0.28676298797389244,0
-0.9307453383102094,0.32661064652682936,0
-0.9005333827830467,0.10607526546107757,0
-0.8024392017294301,0.1597769808644146,0
-0.7855050084682246,0.11161584529052622,0
-0.8031485788134163,0.10242585430953811,0
-0.7176016702126994,0.1054133677204963,0
-0.6686147487182397,0.2004525836613491,0
-0.8707959260376472,0.126089624225021,0
-0.7605906278312538,0.20062780098790234,0
-0.7410125843591147,0.23479929871469585,0
-0.4847894071076829,0.3952962706486429,0
-0.5482585862274282,0.23218223910798225,0
-0.564349392062432,0.1551381242642035,0
-0.6395149839018713,0.1131820323603539,0
-0.5849186906389856,0.12507942571144365,0
-0.6058775124000472,-0.029775077248384324,0
-0.6139117531572467,-0.025735071049757526,0
-0.5602020546700842,0.1746154892652639,0
-0.47376429690203997,0.11320289397825624,0
-0.47239389416971894,0.09661467766186588,0
-0.5374381820178938,0.08407053035710768,0
-0.6093024038302916,0.01655053852962754,0
-0.6866915288654927,0.1117958804485535,0
-0.8055743771378763,0.1571480027263574,0
-0.7002793346768909,0.13491235072373836,0
-0.5429989532115754,0.17427391143116505,0
-0.47726953862631527,0.18510335531650568,0
-0.45270531263052,0.06146429749504735,0
-0.30590950838082265,0.15250675298587596,0
-0.27846321489890097,-0.12905715024752512,0
-0.33610604567279345,-0.21303494426292258,0
-0.4519625149080609,-0.07599983860445556,0
-0.3101594331986641,0.002064462207015408,0
-0.277358120897354,-0.014208166041545667,0
-0.3694630096421891,-0.03228890152137338,0
-0.3027817758781972,0.03575189149359092,0
-0.20756743959623825,0.0015282512781419552,0
-0.16474203897761058,-0.02702329966093535,0
-0.10792792566292109,0.05566852929724356,0
0.0039735652776053815,0.008906646178637838,0
0.05559382469531963,0.17219907435759424,0
-0.05528071909593676,0.23796672170145577,0
0.0042982200096900874,0.299873182969719,0
0.02311679063242627,0.5769614511602834,0
0.10304945419373629,0.4288348882117396,0
0.2097286904160241,0.35190847131916664,0
0.16802509998558446,0.4071195454230542,0
0.23782261646393593,0.4254336722387638,0
0.30889235309659824,0.5223422233306927,0
0.2177332556775308,0.481900376076158,0
0.26615123715840033,0.33487876744578,0
0.38282296642693575,0.35348719226594444,0
0.2820488021478529,0.46935520882980264,0
0.31254523227226894,0.5331895198418783,0
0.2005090577221217,0.3318235136853058,0
0.19495885678029515,0.5323936902137606,0
0.20813696046485844,0.6693389338012552,0
0.34772248995721394,0.637242894288657,0
0.37342358498187306,0.6346207313935254,0
0.40049647493882023,0.6188269617243582,0
0.38557296030956795,0.7056158280179922,0
0.31171883585827803,0.812152164163224,0
0.3289881935330504,0.9153765392866364,0
0.2724535893796255,0.9080547679299765,0
0.34735233711048336,0.895615238460168,0
0.46632833924675987,0.8176575471283513,0
0.42671793823600757,0.7727456819155032,0
0.2801100740555732,0.7110698661068725,0
0.43949202682159794,0.709013735176742,0
0.4749396109316272,0.6862272365616892,0
0.5770917926556536,0.7253784434198149,0
0.6040076583036252,0.6003146832552828,0
0.5747669812279429,0.6800579506127965,0
0.6116662596584185,0.692863786912464,0
0.656027335685568,0.6844094957920349,0
0.7446949926117532,0.5453488980663697,0
0.7771892688735282,0.5007493008686495,0
0.7503800390582042,0.5868815115425038,0
0.6831275889382246,0.6095917844365718,0
0.6507505967118492,0.6654116839408222,0
0.5243917467642725,0.536504059414229,0
0.4693160038025756,0.6443595406806681,0
0.5582172742849176,0.7393399469996669,0
0.516102768678544,0.5849065456029381,0
0.6203708207665453,0.6870795710533225,0
0.5606784915096725,0.5615549131614715,0
0.48360389099978196,0.44376952979068457,0
0.31456210489560776,0.5451667119177916,0
0.30642833325253055,0.5279156069246748,0
0.3934568032543627,0.5735205071536806,0
0.22096229624683414,0.5925999077938283,0
0.2043708769798189,0.46914580252275984,0
0.34202615492097654,0.340971370435883,0
0.3918812425154003,0.4934227506856607,0
0.483699466591175,0.6843324729182837,0
0.4131994746030997,0.713153250227887,0
0.46361061688770444,0.8237930105018741,0
0.3183555222969785,0.8543127103561098,0
0.2487676361429933,0.6827732706362577,0
0.15707571671164378,0.6629864990561684,0
0.1335908990006838,0.672826386894547,0
0.10973627588464668,0.7801942999899825,0
-0.033028615972217096,0.6775022355067364,0
0.0042685652630142235,0.5532457500219717,0
0.03342847295138407,0.5963761249145882,0
-0.028653368958862564,0.6983246361082416,0
0.060399486919710386,0.7468913931380154,0
-0.09252843824456317,0.7996758772010978,0
0.0015348681430911865,0.6865868941621667,0
-0.12453268217811674,0.7528802717328665,0
-0.0987843449592125,0.666887379399104,0
-0.14927179616782194,0.564001829349834,0
-0.0760507209663485,0.5042323178218702,0
-0.005116558523893228,0.5177436149171739,0
-0.006531142914590735,0.5680590834735599,0
-0.02873740172786908,0.5937070376199232,0
-0.011644010797678721,0.7168988177065119,0
0.12095091910677562,0.8729380318704331,0
0.2642832001398254,0.7011950645413118,0
0.2813900018563339,0.7807795181736751,0
0.40864923598586367,0.8823831468961149,0
0.40687426690421874,0.8940892862942493,0
0.37183840098497895,0.8911192465080252,0
0.4546657522225167,0.824912731781202,0
0.3774682277116037,0.8029952238671157,0
0.320355221516496,0.8470505061996808,0
0.2152057026185632,0.8602626951612901,0
0.13114734135816403,0.8863194523763633,0
0.03604401354281822,0.9527567532528357,0
0.1636265036681411,0.969561300736896,0
0.17249483767131535,0.9513559567558817,0
0.07695199318207235,0.9393034845772873,0
0.11584824812617449,0.8242147946273275,0
0.10528152586415282,0.9099603511435613,0
0.325689279657892,0.8265698319282626,0
0.17842768115289995,0.8693045074338036,0
0.10075019690446234,0.9274937921483603,0
0.13959664357427884,0.8058700829660894,0
0.24880088234325898,0.877609224996027,0
0.2071423672343932,0.8863358435239885,0
0.03362262299381477,0.6994992793795435,0
0.20470386528496606,0.665341637689113,0
0.326917129345209,0.8899039100782774,0
0.35993847668953177,0.7586120922598412,0
0.27324434253293495,0.874328502775813,0
0.33240717148171095,0.8715395586020724,0
0.3258446177894363,0.8740621847394019,0
0.222505891812674,0.8449069773556975,0
0.18129364063692682,0.8573028269949736,0
0.18817922492080716,0.7211555817376007,0
0.2540356193687615,0.764122288852433,0
0.2393962018179279,0.7241848814686027,0
0.21875386462406415,0.7493846048807055,0
0.35054459578359043,0.848073533262892,0
0.2662857897493178,0.8377303168794868,0
0.2835778047752596,0.7430209509385868,0
0.23265421284010696,0.6903211186380653,0
0.23415343500434868,0.7422344091941712,0
0.2494215235156812,0.7587253609338361,0
0.37809653069624716,0.6811348281958104,0
0.36342626411271883,0.8029593129026849,0
0.5231216289222993,0.7283526040724957,0
0.4749084002114571,0.8057440570120242,0
0.47224245195619785,0.6848193442809712,0
0.43160900760136284,0.6142676435102045,0
0.40790549900661766,0.4973433557132776,0
0.27751907585523805,0.5249405049812976,0
0.18085445372415707,0.6003574470362272,0
0.17792074493178128,0.6095944576072385,0
0.1675585769252404,0.6089133967620202,0
0.08740474693090347,0.5847882168521876,0
0.1570390633254801,0.7463354553358459,0
-0.06879532660987647,0.7478618076236095,0
-0.13177488937157572,0.6457787248947409,0
-0.07574874907544842,0.535814287814895,0
-0.1864708614979731,0.6363953550387836,0
-0.2720563462037665,0.5936240732340554,0
-0.22483251765870105,0.5274557860083701,0
-0.31577148208838857,0.5883931732960946,0
-0.4487407826286949,0.5646526388962623,0
-0.566974856209221,0.7555957458564279,0
-0.70193177707871,0.6871069021873852,0
-0.7084410472803647,0.6556127071526525,0
-0.6571154681223392,0.6905335235626004,0
-0.5222148083329478,0.7705668807634636,0
-0.6593235634533977,0.7125304956190177,0
-0.6162958606444814,0.7132304645115369,0
-0.5742463980092332,0.7982739541348054,0
-0.4914346975541536,0.8371927198220223,0
-0.49290909078469797,0.8026406947862872,0
-0.4993098250824195,0.7760008331330217,0
-0.4412451869125482,0.8044409827540288,0
-0.40031693029594984,0.7743626240547143,0
-0.38923039643355856,0.8430713353555208,0
-0.40447366904461773,0.8269056429514551,0
-0.5439197084249593,0.7812813289570681,0
-0.5950406897097829,0.7674287368114976,0
-0.6176556445029261,0.7149009028186963,0
-0.5246547697888108,0.7262626726147022,0
-0.5700850512943212,0.6440347124424938,0
-0.5708676976668808,0.4702213701077642,0
-0.5238503195541147,0.5414701778200353,0
-0.6097470482964683,0.5354745053608558,0
-0.8055196571521777,0.47162175030424763,0
-0.8289983383057414,0.47023965816310676,0
-0.7523691190552092,0.516405352264921,0
-0.822972430671877,0.5374445738474298,0
-0.8332149546559503,0.35251801390104237,0
-0.9366569620861276,0.2702816517588651,0
-0.9042715673516568,0.29366876998654834,0
-0.9100435505338597,0.21764235805686233,0
-0.8396099653146668,0.2386515900502596,0
-0.8086215964103695,0.2579598309755613,0
-0.7859729572296424,0.38652503052553877,0
-0.6693422024398356,0.3425776007836278,0
-0.6389111405931692,0.24435856240550097,0
-0.5959296966658107,0.19892610932741867,0
-0.6156525326831256,0.27217054986923894,0
-0.5278594612185569,0.4508871227529042,0
-0.46410715779230266,0.4359112844705198,0
-0.585880326159804,0.3705969988864888,0
-0.6338197247217787,0.38072274844754045,0
-0.4609301501335974,0.3991390136531693,0
-0.4172042440284365,0.4162290369234809,0
-0.5220487213670735,0.39007879238174065,0
-0.6008669930868431,0.6051457013974013,0
-0.6947606328923183,0.6232228507200138,0
-0.6471459614706302,0.6446109738892852,0
-0.6509415535004645,0.6228046308465053,0
-0.6282022437556039,0.426645815423378,0
-0.5954444174485974,0.38198448041390043,0
-0.6095449143643407,0.4137222771289689,0
-0.5856177287036524,0.45911064086738057,0
-0.5105219578673909,0.36233422612152666,0
-0.4668682615263447,0.3706829468866343,0
-0.5863484356482864,0.41155017354335177,0
-0.630526106258242,0.3358166487700211,0
-0.7752270253334919,0.3982862544570964,0
-0.7586034425467135,0.41628275362484496,0
-0.8858493072165522,0.43109125777561697,0
-0.8204469086215189,0.3513423457494269,0
-0.7775147204747873,0.3731357021332664,0
-0.8122653576437716,0.4146332046497482,0
-0.7671216854738993,0.40513011647479874,0
-0.7420689778354075,0.37791671175151986,0
-0.9133381502939827,0.19912424295382478,0
-0.8942707373712657,-0.04716988279825926,0
-0.7229069013788256,-0.0027582451268170077,0
-0.5244287973504222,-0.0872923125439754,0
-0.4341289135200227,-0.16337903235575146,0
-0.5931850466912516,-0.11926605020482034,0
-0.623264206234175,-0.23348360437911586,0
-0.5970851095714805,-0.1683332428703243,0
-0.7147731741620359,-0.04027347144872634,0
-0.7648582882488444,-0.08017594661389779,0
-0.8026804376194946,0.02810255969079052,0
-0.8615026151663071,0.05126110358141319,0
-0.897089300106022,-0.05305668649586024,0
-0.852551510093008,-0.16633333031420733,0
-0.8870629508990926,-0.2255633636773331,0
-0.8309543194209545,-0.19272079898513847,0
-0.9114494299820715,-0.2289415133435756,0
-0.8511209281671159,-0.2583045230584166,0
-0.7983110544207785,-0.24727325693934213,0
-0.6578142006118678,-0.20928622403204344,0
-0.6037485016399695,-0.3880441354553043,0
-0.43877929013425054,-0.3810491545391468,0
-0.45797035961292,-0.3259325526430751,0
-0.5347679581757518,-0.4522612240504617,0
-0.5713846891938109,-0.4671195754527347,0
-0.5345008304586373,-0.5075461529644049,0
-0.5639138890892007,-0.4804021961363831,0
-0.5022148721872054,-0.5462250434325724,0
-0.5410683821692587,-0.6454592654416319,0
-0.5431631311047255,-0.6701647070773442,0
-0.5161100859449734,-0.6902094870055416,0
-0.6125977301288933,-0.6659122351918241,0
-0.5441403797447228,-0.796843757025303,0
-0.49339993808391347,-0.6206189546107417,0
-0.6786690784259782,-0.6596448426869091,0
-0.6872561944422939,-0.5770025686506358,0
-0.6884646742886648,-0.5517041396150382,0
-0.6354005342140094,-0.5814544624996278,0
-0.6882112238263155,-0.5559480416332018,0
-0.47400912079983426,-0.6810246552063994,0
-0.7109231000306966,-0.6189495251969438,0
-0.6723804551390842,-0.5758559270340504,0
-0.5731180561984974,-0.5340795351539369,0
-0.5627638530952395,-0.6241017439429114,0
-0.4767517152098677,-0.5660507133121832,0
-0.3836039098616577,-0.6047657863937084,0
-0.38606766013177835,-0.6877427561580054,0
-0.3705063403841089,-0.6329144987878772,0
-0.565113356343442,-0.6158758944946408,0
-0.6129766034691247,-0.7026221801096041,0
-0.5492085005477257,-0.6690265919112138,0
-0.5079273871872861,-0.8059650267620129,0
-0.5179036584204696,-0.825301198099561,0
-0.5843096575226092,-0.7583300926784595,0
-0.4412264373075617,-0.785523124181156,0
-0.3214863127324711,-0.7703049709441278,0
-0.28146009379555853,-0.7649558035479535,0
-0.4151949595911276,-0.7449664111760518,0
-0.5220617678473874,-0.6904002072903517,0
-0.6134348197885405,-0.6957319417625731,0
-0.5953365486706788,-0.7065420557829801,0
-0.5264395686840196,-0.6655589819499577,0
-0.5239002773838808,-0.6412939789125895,0
-0.5271205171449626,-0.6125186189335684,0
-0.5469777748071362,-0.6608619834309554,0
-0.39302196933823025,-0.5646874011243147,0
-0.40165545355765697,-0.5995294712554418,0
-0.3972039896942837,-0.490295309163297,0
-0.3221669099411191,-0.31830176435293905,0
-0.32087102678719537,-0.3632863244896069,0
-0.43821836699616684,-0.48674767409936504,0
-0.36035923851233986,-0.6836684883616667,0
-0.3811305536975427,-0.49247494722145846,0
-0.4465163956763375,-0.6023421732769727,0
-0.3274941666453125,-0.611117874390261,0
-0.39055856110852327,-0.5672118596492932,0
-0.3319505369811817,-0.6310409420863149,0
-0.2855157618949762,-0.6179039129803395,0
-0.32915033500493357,-0.4734917794592295,0
-0.3205528733004895,-0.44350749148065,0
-0.39638020174526106,-0.48225018852330287,0
-0.35865645087737613,-0.5350319643630763,0
-0.4855332825390073,-0.4028759413203196,0
-0.5315108481249655,-0.47660685960103066,0
-0.499795164970553,-0.48256150334738007,0
-0.43778286271007305,-0.5258650087314233,0
-0.5375291492977757,-0.40909205401161164,0
-0.48123704367027614,-0.5279778131382555,0
-0.5252500685814265,-0.3688332159037012,0
-0.45815556207178904,-0.2731144756463554,0
-0.4514896687406443,-0.36419562558448504,0
-0.5402384546448457,-0.4545474510263472,0
-0.5384818296728907,-0.586526704629888,0
-0.5172749178177408,-0.7832761302000375,0
-0.4139665185606206,-0.8565912436568415,0
-0.3242796678547979,-0.8492766570135515,0
-0.29134528109052565,-0.8616632177709016,0
-0.34149016095044143,-0.8979317496634347,0
-0.38577978814446573,-0.7635065481064767,0
-0.4042203188445885,-0.7785478507748966,0
-0.30341501214410593,-0.7510365365910335,0
-0.22701518841706947,-0.7930138189509409,0
-0.2559923708560335,-0.8480314489797681,0
-0.2474619146940704,-0.8104181941961924,0
-0.21331333489964846,-0.882631478666428,0
-0.17056120986112416,-0.7986035135644459,0
-0.12229222801803934,-0.6716462372695094,0
-0.12543291486404842,-0.5923234234372585,0
-0.277457728045601,-0.537059781243794,0
-0.2912565012043572,-0.5577592524990753,0
-0.3248321126250129,-0.6114870526582699,0
-0.44230308862204604,-0.69276579778587,0
-0.600018363262864,-0.7355924939617687,0
-0.49320430737122234,-0.763803951117921,0
-0.39473435701439974,-0.7792738996139299,0
-0.4889672679615045,-0.8293066622220499,0
-0.5788078365562623,-0.7616066676845952,0
-0.5173338656893742,-0.7550732393691548,0
-0.5717192878465843,-0.7941448665260858,0
-0.5582411785394714,-0.7809901399995927,0
-0.5804616964177424,-0.7552407793418566,0
-0.6711980432113934,-0.7260517524356959,0
-0.7160893027361263,-0.6725268167206552,0
-0.7595660808188169,-0.6050587742163753,0
-0.8424681005409634,-0.47382565765833673,0
-0.8346057704637094,-0.42140217397330104,0
-0.8139398909577484,-0.5581885040214041,0
-0.7292389466984711,-0.6776918712072342,0
-0.8437619176241363,-0.5666351962163233,0
-0.8677628281036096,-0.5605646292652349,0
-0.9410944220763982,-0.513775149103868,0
-0.9813036616178874,-0.5934928274863533,0
-1.0494145719062964,-0.7794577431442067,0
-1.3650531185441959,-0.8795240345160842,0
-1.8780652213478977,-1.2355730385904984,0
-2.941009975306261,-1.8918545930016872,0
-5.047553714665385,-3.2326501137940347,0
-9.249070355506447,-5.932176161619579,0
-17.654440292116625,-11.327538013487393,0
-34.4676802721636,-22.114352405358417,0
-68.09431742387024,-43.687736725214535,0
-135.34775136054827,-86.83425726352456,0
-269.8535911117085,-173.12889906954473,0
-538.8653035179477,-345.7181313481182,0
-1076.8889611722757,-690.8962328449763,0
-2152.9362010130626,-1381.2525534747572,0
-4305.0307272419805,-2761.9651221740482,0
-8609.219778834586,-5523.390260921269,0
-17217.59787863777,-11046.24054368733,0
-34434.35408460624,-22091.941099302807,0
-68867.86649753721,-44183.342208984366,0
-137734.89132290677,-88366.14442911492,0
-275468.9409742108,-176731.74886849558,0
-550937.0402762981,-353462.95774806873,0
-1101873.2388805025,-706925.3755071685,0
-2203745.6360888984,-1413850.2110253875,0
-4407490.430505712,-2827699.8820617916,0
-8814980.019339308,-5655399.224134648,0
-17629959.19700651,-11310797.908280347,0
-35259917.55234091,-22621595.276571747,0
-70519834.26300971,-45243190.01315455,0
-141039667.68434733,-90486379.48632015,0
-282079334.5270226,-180972758.43265134,0
-564158668.212373,-361945516.32531375,0
-1128317335.583074,-723891032.1106386,0
-2256634670.3244762,-1447782063.6812882,0
-4513269339.807281,-2895564126.8225875,0
-9026538678.772888,-5791128253.105186,0
-18053077356.7041,-11582256505.670383,0
-36106154712.56653,-23164513010.800777,0
-72212309424.29138,-46329026021.06157,0
-144424618847.7411,-92658052041.58316,0
-288849237694.6405,-185316104082.62634,0
-577698475388.4393,-370632208164.7127,0
-1155396950776.037,-741264416328.8855,0
-2310793901551.2324,-1482528832657.231,0
-4621587803101.623,-2965057665313.922,0
-9243175606202.404,-5930115330627.304,0
-18486351212403.97,-11860230661254.066,0
-36972702424807.09,-23720461322507.594,0
-73945404849613.34,-47440922645014.65,0
-147890809699225.84,-94881845290028.75,0
-295781619398450.9,-189763690580056.94,0
-591563238796901.0,-379527381160113.4,0
-1183126477593801.0,-759054762320226.2,0
-2366252955187601.0,-1518109524640452.0,0
-4732505910375201.0,-3036219049280903.5,0
-9465011820750400.0,-6072438098561806.0,0
-1.89300236415008e+16,-1.2144876197123612e+16,0
-3.78600472830016e+16,-2.4289752394247224e+16,0
-7.57200945660032e+16,-4.857950478849445e+16,0
-1.514401891320064e+17,-9.71590095769889e+16,0
-3.028803782640128e+17,-1.943180191539778e+17,0
-6.057607565280256e+17,-3.886360383079556e+17,0
-1.2115215130560512e+18,-7.772720766159112e+17,0
-2.4230430261121024e+18,-1.5545441532318223e+18,0
-4.846086052224205e+18,-3.1090883064636447e+18,0
-9.69217210444841e+18,-6.218176612927289e+18,0
-1.938434420889682e+19,-1.2436353225854579e+19,0
-3.876868841779364e+19,-2.4872706451709157e+19,0
-7.753737683558728e+19,-4.9745412903418315e+19,0
-1.5507475367117455e+20,-9.949082580683663e+19,0
-3.101495073423491e+20,-1.9898165161367326e+20,0
-6.202990146846982e+20,-3.979633032273465e+20,0
-1.2405980293693964e+21,-7.95926606454693e+20,0
-2.481196058738793e+21,-1.591853212909386e+21,0
-4.962392117477586e+21,-3.183706425818772e+21,0
-9.924784234955171e+21,-6.367412851637544e+21,0
-1.9849568469910343e+22,-1.2734825703275089e+22,0
-3.9699136939820686e+22,-2.5469651406550177e+22,0
-7.939827387964137e+22,-5.0939302813100354e+22,0
-1.5879654775928274e+23,-1.0187860562620071e+23,0
-3.175930955185655e+23,-2.0375721125240142e+23,0
-6.35186191037131e+23,-4.0751442250480283e+23,0
-1.270372382074262e+24,-8.150288450096057e+23,0
-2.540744764148524e+24,-1.6300576900192113e+24,0
-5.081489528297048e+24,-3.2601153800384227e+24,0
-1.0162979056594096e+25,-6.520230760076845e+24,0
-2.032595811318819e+25,-1.304046152015369e+25,0
-4.065191622637638e+25,-2.608092304030738e+25,0
-8.130383245275276e+25,-5.216184608061476e+25,0
-1.6260766490550553e+26,-1.0432369216122953e+26,0
-3.2521532981101106e+26,-2.0864738432245905e+26,0
-6.504306596220221e+26,-4.172947686449181e+26,0
-1.3008613192440442e+27,-8.345895372898362e+26,0
-2.6017226384880885e+27,-1.6691790745796724e+27,0
-5.203445276976177e+27,-3.338358149159345e+27,0
-1.0406890553952354e+28,-6.67671629831869e+27,0
-2.0813781107904708e+28,-1.335343259663738e+28,0
-4.1627562215809415e+28,-2.670686519327476e+28,0
-8.325512443161883e+28,-5.341373038654952e+28,0
-1.6651024886323766e+29,-1.0682746077309903e+29,0
-3.330204977264753e+29,-2.1365492154619807e+29,0
-6.660409954529506e+29,-4.2730984309239614e+29,0
-1.3320819909059013e+30,-8.546196861847923e+29,0
-2.6641639818118026e+30,-1.7092393723695845e+30,0
-5.328327963623605e+30,-3.418478744739169e+30,0
-1.065665592724721e+31,-6.836957489478338e+30,0
-2.131331185449442e+31,-1.3673914978956676e+31,0
-4.262662370898884e+31,-2.7347829957913353e+31,0
-8.525324741797768e+31,-5.469565991582671e+31,0
-1.7050649483595537e+32,-1.0939131983165341e+32,0
-3.410129896719107e+32,-2.1878263966330682e+32,0
-6.820259793438215e+32,-4.3756527932661364e+32,0
-1.364051958687643e+33,-8.751305586532273e+32,0
-2.728103917375286e+33,-1.7502611173064546e+33,0
-5.456207834750572e+33,-3.500522234612909e+33,0
-1.0912415669501143e+34,-7.001044469225818e+33,0
-2.1824831339002287e+34,-1.4002088938451637e+34,0
-4.364966267800457e+34,-2.8004177876903273e+34,0
-8.729932535600915e+34,-5.600835575380655e+34,0
-1.745986507120183e+35,-1.120167115076131e+35,0
-3.491973014240366e+35,-2.240334230152262e+35,0
-6.983946028480732e+35,-4.480668460304524e+35,0
-1.3967892056961464e+36,-8.961336920609047e+35,0
-2.7935784113922927e+36,-1.7922673841218095e+36,0
-5.587156822784585e+36,-3.584534768243619e+36,0
-1.117431364556917e+37,-7.169069536487238e+36,0
-2.234862729113834e+37,-1.4338139072974476e+37,0
-4.469725458227668e+37,-2.867627814594895e+37,0
-8.939450916455337e+37,-5.73525562918979e+37,0
-1.7878901832910673e+38,-1.147051125837958e+38,0
-3.575780366582135e+38,-2.294102251675916e+38,0
-7.15156073316427e+38,-4.588204503351832e+38,0
-1.430312146632854e+39,-9.176409006703665e+38,0
-2.860624293265708e+39,-1.835281801340733e+39,0
-5.721248586531415e+39,-3.670563602681466e+39,0
-1.144249717306283e+40,-7.341127205362932e+39,0
-2.288499434612566e+40,-1.4682254410725863e+40,0
-4.576998869225132e+40,-2.9364508821451727e+40,0
-9.153997738450265e+40,-5.872901764290345e+40,0
-1.830799547690053e+41,-1.174580352858069e+41,0
-3.661599095380106e+41,-2.349160705716138e+41,0
-7.323198190760212e+41,-4.698321411432276e+41,0
-1.4646396381520424e+42,-9.396642822864553e+41,0
-2.929279276304085e+42,-1.8793285645729105e+42,0
-5.85855855260817e+42,-3.758657129145821e+42,0
-1.171711710521634e+43,-7.517314258291642e+42,0
-2.343423421043268e+43,-1.5034628516583284e+43,0
-4.686846842086536e+43,-3.006925703316657e+43,0
-9.373693684173071e+43,-6.013851406633314e+43,0
-1.8747387368346142e+44,-1.2027702813266627e+44,0
-3.7494774736692284e+44,-2.4055405626533254e+44,0
-7.498954947338457e+44,-4.811081125306651e+44,0
-1.4997909894676914e+45,-9.622162250613302e+44,0
-2.999581978935383e+45,-1.9244324501226604e+45,0
-5.999163957870765e+45,-3.848864900245321e+45,0
-1.199832791574153e+46,-7.697729800490641e+45,0
-2.399665583148306e+46,-1.5395459600981283e+46,0
-4.799331166296612e+46,-3.0790919201962566e+46,0
-9.598662332593225e+46,-6.158183840392513e+46,0
-1.919732466518645e+47,-1.2316367680785026e+47,0
-3.83946493303729e+47,-2.4632735361570053e+47,0
-7.67892986607458e+47,-4.9265470723140105e+47,0
-1.535785973214916e+48,-9.853094144628021e+47,0
-3.071571946429832e+48,-1.9706188289256042e+48,0
-6.143143892859664e+48,-3.9412376578512084e+48,0
-1.2286287785719328e+49,-7.882475315702417e+48,0
-2.4572575571438655e+49,-1.5764950631404834e+49,0
-4.914515114287731e+49,-3.1529901262809667e+49,0
-9.829030228575462e+49,-6.305980252561933e+49,0
-1.9658060457150924e+50,-1.2611960505123867e+50,0
-3.931612091430185e+50,-2.5223921010247734e+50,0
-7.86322418286037e+50,-5.044784202049547e+50,0
-1.572644836572074e+51,-1.0089568404099094e+51,0
-3.145289673144148e+51,-2.0179136808198187e+51,0
-6.290579346288296e+51,-4.0358273616396374e+51,0
-1.2581158692576592e+52,-8.071654723279275e+51,0
-2.5162317385153183e+52,-1.614330944655855e+52,0
-5.032463477030637e+52,-3.22866188931171e+52,0
-1.0064926954061273e+53,-6.45732377862342e+52,0
-2.0129853908122547e+53,-1.291464755724684e+53,0
-4.025970781624509e+53,-2.582929511449368e+53,0
-8.051941563249019e+53,-5.165859022898736e+53,0
-1.6103883126498037e+54,-1.0331718045797472e+54,0
-3.2207766252996075e+54,-2.0663436091594944e+54,0
-6.441553250599215e+54,-4.132687218318989e+54,0
-1.288310650119843e+55,-8.265374436637977e+54,0
-2.576621300239686e+55,-1.6530748873275955e+55,0
-5.153242600479372e+55,-3.306149774655191e+55,0
-1.0306485200958744e+56,-6.612299549310382e+55,0
-2.0612970401917488e+56,-1.3224599098620764e+56,0
-4.1225940803834975e+56,-2.6449198197241528e+56,0
-8.245188160766995e+56,-5.2898396394483055e+56,0
-1.649037632153399e+57,-1.0579679278896611e+57,0
-3.298075264306798e+57,-2.1159358557793222e+57,0
-6.596150528613596e+57,-4.2318717115586444e+57,0
-1.3192301057227192e+58,-8.463743423117289e+57,0
-2.6384602114454384e+58,-1.6927486846234578e+58,0
-5.276920422890877e+58,-3.3854973692469156e+58,0
-1.0553840845781754e+59,-6.770994738493831e+58,0
-2.1107681691563507e+59,-1.3541989476987662e+59,0
-4.2215363383127015e+59,-2.7083978953975324e+59,0
-8.443072676625403e+59,-5.416795790795065e+59,0
-1.6886145353250806e+60,-1.083359158159013e+60,0
-3.377229070650161e+60,-2.166718316318026e+60,0
-6.754458141300322e+60,-4.333436632636052e+60,0
-1.3508916282600645e+61,-8.666873265272104e+60,0
-2.701783256520129e+61,-1.7333746530544208e+61,0
-5.403566513040258e+61,-3.4667493061088415e+61,0
-1.0807133026080516e+62,-6.933498612217683e+61,0
-2.161426605216103e+62,-1.3866997224435366e+62,0
-4.322853210432206e+62,-2.773399444887073e+62,0
-8.645706420864413e+62,-5.546798889774146e+62,0
-1.7291412841728825e+63,-1.1093597779548293e+63,0
-3.458282568345765e+63,-2.2187195559096586e+63,0
-6.91656513669153e+63,-4.437439111819317e+63,0
-1.383313027338306e+64,-8.874878223638634e+63,0
-2.766626054676612e+64,-1.774975644727727e+64,0
-5.533252109353224e+64,-3.549951289455454e+64,0
-1.1066504218706448e+65,-7.099902578910907e+64,0
-2.2133008437412896e+65,-1.4199805157821815e+65,0
-4.426601687482579e+65,-2.839961031564363e+65,0
-8.853203374965159e+65,-5.679922063128726e+65,0
-1.7706406749930317e+66,-1.1359844126257452e+66,0
-3.5412813499860634e+66,-2.2719688252514904e+66,0
-7.082562699972127e+66,-4.543937650502981e+66,0
-1.4165125399944254e+67,-9.087875301005962e+66,0
-2.833025079988851e+67,-1.8175750602011923e+67,0
-5.666050159977701e+67,-3.6351501204023846e+67,0
-1.1332100319955403e+68,-7.270300240804769e+67,0
-2.2664200639910806e+68,-1.4540600481609538e+68,0
-4.532840127982161e+68,-2.9081200963219077e+68,0
-9.065680255964322e+68,-5.816240192643815e+68,0
-1.8131360511928645e+69,-1.163248038528763e+69,0
-3.626272102385729e+69,-2.326496077057526e+69,0
-7.252544204771458e+69,-4.652992154115052e+69,0
-1.4505088409542916e+70,-9.305984308230105e+69,0
-2.901017681908583e+70,-1.861196861646021e+70,0
-5.802035363817166e+70,-3.722393723292042e+70,0
-1.1604070727634333e+71,-7.444787446584084e+70,0
-2.3208141455268665e+71,-1.4889574893168167e+71,0
-4.641628291053733e+71,-2.9779149786336335e+71,0
-9.283256582107466e+71,-5.955829957267267e+71,0
-1.8566513164214932e+72,-1.1911659914534534e+72,0
-3.7133026328429864e+72,-2.3823319829069068e+72,0
-7.426605265685973e+72,-4.7646639658138136e+72,0
-1.4853210531371946e+73,-9.529327931627627e+72,0
-2.970642106274389e+73,-1.9058655863255254e+73,0
-5.941284212548778e+73,-3.811731172651051e+73,0
-1.1882568425097557e+74,-7.623462345302102e+73,0
-2.3765136850195113e+74,-1.5246924690604203e+74,0
-4.753027370039023e+74,-3.0493849381208407e+74,0
-9.506054740078045e+74,-6.098769876241681e+74,0
-1.901210948015609e+75,-1.2197539752483363e+75,0
-3.802421896031218e+75,-2.4395079504966725e+75,0
-7.604843792062436e+75,-4.879015900993345e+75,0
-1.5209687584124872e+76,-9.75803180198669e+75,0
-3.0419375168249745e+76,-1.951606360397338e+76,0
-6.083875033649949e+76,-3.903212720794676e+76,0
-1.2167750067299898e+77,-7.806425441589352e+76,0
-2.4335500134599796e+77,-1.5612850883178704e+77,0
-4.867100026919959e+77,-3.122570176635741e+77,0
-9.734200053839918e+77,-6.245140353271482e+77,0
-1.9468400107679837e+78,-1.2490280706542963e+78,0
-3.893680021535967e+78,-2.4980561413085927e+78,0
-7.787360043071935e+78,-4.996112282617185e+78,0
-1.557472008614387e+79,-9.99222456523437e+78,0
-3.114944017228774e+79,-1.998444913046874e+79,0
-6.229888034457548e+79,-3.996889826093748e+79,0
-1.2459776068915095e+80,-7.993779652187497e+79,0
-2.491955213783019e+80,-1.5987559304374993e+80,0
-4.983910427566038e+80,-3.1975118608749986e+80,0
-9.967820855132076e+80,-6.395023721749997e+80,0
-1.9935641710264153e+81,-1.2790047443499995e+81,0
-3.9871283420528306e+81,-2.558009488699999e+81,0
-7.974256684105661e+81,-5.116018977399998e+81,0
-1.5948513368211322e+82,-1.0232037954799996e+82,0
-3.1897026736422644e+82,-2.046407590959999e+82,0
-6.379405347284529e+82,-4.092815181919998e+82,0
-1.2758810694569058e+83,-8.185630363839996e+82,0
-2.5517621389138116e+83,-1.6371260727679993e+83,0
-5.103524277827623e+83,-3.2742521455359986e+83,0
-1.0207048555655246e+84,-6.548504291071997e+83,0
-2.0414097111310492e+84,-1.3097008582143994e+84,0
-4.0828194222620985e+84,-2.619401716428799e+84,0
-8.165638844524197e+84,-5.238803432857598e+84,0
-1.6331277689048394e+85,-1.0477606865715196e+85,0
-3.266255537809679e+85,-2.095521373143039e+85,0
-6.532511075619358e+85,-4.191042746286078e+85,0
-1.3065022151238715e+86,-8.382085492572156e+85,0
-2.613004430247743e+86,-1.6764170985144313e+86,0
-5.226008860495486e+86,-3.3528341970288626e+86,0
-1.0452017720990972e+87,-6.705668394057725e+86,0
-2.0904035441981944e+87,-1.341133678811545e+87,0
-4.180807088396389e+87,-2.68226735762309e+87,0
-8.361614176792778e+87,-5.36453471524618e+87,0
-1.6723228353585555e+88,-1.072906943049236e+88,0
-3.344645670717111e+88,-2.145813886098472e+88,0
-6.689291341434222e+88,-4.291627772196944e+88,0
-1.3378582682868444e+89,-8.583255544393888e+88,0
-2.675716536573689e+89,-1.7166511088787776e+89,0
-5.351433073147378e+89,-3.433302217757555e+89,0
-1.0702866146294755e+90,-6.86660443551511e+89,0
-2.140573229258951e+90,-1.373320887103022e+90,0
-4.281146458517902e+90,-2.746641774206044e+90,0
-8.562292917035804e+90,-5.493283548412088e+90,0
-1.712458583407161e+91,-1.0986567096824177e+91,0
-3.424917166814322e+91,-2.1973134193648354e+91,0
-6.849834333628643e+91,-4.394626838729671e+91,0
-1.3699668667257287e+92,-8.789253677459341e+91,0
-2.7399337334514574e+92,-1.7578507354918683e+92,0
-5.479867466902915e+92,-3.5157014709837366e+92,0
-1.095973493380583e+93,-7.031402941967473e+92,0
-2.191946986761166e+93,-1.4062805883934946e+93,0
-4.383893973522332e+93,-2.8125611767869893e+93,0
-8.767787947044664e+93,-5.625122353573979e+93,0
-1.7535575894089327e+94,-1.1250244707147957e+94,0
-3.5071151788178655e+94,-2.2500489414295914e+94,0
-7.014230357635731e+94,-4.500097882859183e+94,0
-1.4028460715271462e+95,-9.000195765718366e+94,0
-2.8056921430542924e+95,-1.800039153143673e+95,0
-5.611384286108585e+95,-3.600078306287346e+95,0
-1.122276857221717e+96,-7.200156612574693e+95,0
-2.244553714443434e+96,-1.4400313225149385e+96,0
-4.489107428886868e+96,-2.880062645029877e+96,0
-8.978214857773736e+96,-5.760125290059754e+96,0
-1.795642971554747e+97,-1.1520250580119508e+97,0
-3.591285943109494e+97,-2.3040501160239016e+97,0
-7.182571886218988e+97,-4.608100232047803e+97,0
-1.4365143772437977e+98,-9.216200464095606e+97,0
-2.8730287544875954e+98,-1.8432400928191213e+98,0
-5.746057508975191e+98,-3.6864801856382426e+98,0
-1.1492115017950382e+99,-7.372960371276485e+98,0
-2.2984230035900763e+99,-1.474592074255297e+99,0
-4.596846007180153e+99,-2.949184148510594e+99,0
-9.193692014360305e+99,-5.898368297021188e+99,0
-1.838738402872061e+100,-1.1796736594042376e+100,0
-3.677476805744122e+100,-2.3593473188084753e+100,0
-7.354953611488244e+100,-4.7186946376169505e+100,0
-1.4709907222976488e+101,-9.437389275233901e+100,0
-2.9419814445952977e+101,-1.8874778550467802e+101,0
-5.883962889190595e+101,-3.7749557100935604e+101,0
-1.176792577838119e+102,-7.549911420187121e+101,0
-2.353585155676238e+102,-1.5099822840374242e+102,0
-4.707170311352476e+102,-3.0199645680748483e+102,0
-9.414340622704953e+102,-6.039929136149697e+102,0
-1.8828681245409905e+103,-1.2079858272299393e+103,0
-3.765736249081981e+103,-2.4159716544598787e+103,0
-7.531472498163962e+103,-4.831943308919757e+103,0
-1.5062944996327924e+104,-9.663886617839515e+103,0
-3.012588999265585e+104,-1.932777323567903e+104,0
-6.02517799853117e+104,-3.865554647135806e+104,0
-1.205035599706234e+105,-7.731109294271612e+104,0
-2.410071199412468e+105,-1.5462218588543223e+105,0
-4.820142398824936e+105,-3.0924437177086447e+105,0
-9.640284797649871e+105,-6.184887435417289e+105,0
-1.9280569595299743e+106,-1.2369774870834579e+106,0
-3.8561139190599486e+106,-2.4739549741669157e+106,0
-7.712227838119897e+106,-4.9479099483338315e+106,0
-1.5424455676239794e+107,-9.895819896667663e+106,0
-3.084891135247959e+107,-1.9791639793335326e+107,0
-6.169782270495918e+107,-3.958327958667065e+107,0
-1.2339564540991835e+108,-7.91665591733413e+107,0
-2.467912908198367e+108,-1.583331183466826e+108,0
-4.935825816396734e+108,-3.166662366933652e+108,0
-9.871651632793468e+108,-6.333324733867304e+108,0
-1.9743303265586937e+109,-1.2666649467734609e+109,0
-3.948660653117387e+109,-2.5333298935469217e+109,0
-7.897321306234775e+109,-5.0666597870938434e+109,0
-1.579464261246955e+110,-1.0133319574187687e+110,0
-3.15892852249391e+110,-2.0266639148375374e+110,0
-6.31785704498782e+110,-4.053327829675075e+110,0
-1.263571408997564e+111,-8.10665565935015e+110,0
-2.527142817995128e+111,-1.62133113187003e+111,0
-5.054285635990256e+111,-3.24266226374006e+111,0
-1.0108571271980512e+112,-6.48532452748012e+111,0
-2.0217142543961023e+112,-1.297064905496024e+112,0
-4.043428508792205e+112,-2.594129810992048e+112,0
-8.08685701758441e+112,-5.188259621984096e+112,0
-1.617371403516882e+113,-1.0376519243968191e+113,0
-3.234742807033764e+113,-2.0753038487936383e+113,0
-6.469485614067527e+113,-4.1506076975872766e+113,0
-1.2938971228135055e+114,-8.301215395174553e+113,0
-2.587794245627011e+114,-1.6602430790349106e+114,0
-5.175588491254022e+114,-3.320486158069821e+114,0
-1.0351176982508044e+115,-6.640972316139642e+114,0
-2.0702353965016088e+115,-1.3281944632279285e+115,0
-4.1404707930032175e+115,-2.656388926455857e+115,0
-8.280941586006435e+115,-5.312777852911714e+115,0
-1.656188317201287e+116,-1.0625555705823428e+116,0
-3.312376634402574e+116,-2.1251111411646856e+116,0
-6.624753268805148e+116,-4.250222282329371e+116,0
-1.3249506537610296e+117,-8.500444564658742e+116,0
-2.649901307522059e+117,-1.7000889129317485e+117,0
-5.299802615044118e+117,-3.400177825863497e+117,0
-1.0599605230088237e+118,-6.800355651726994e+117,0
-2.1199210460176474e+118,-1.3600711303453988e+118,0
-4.239842092035295e+118,-2.7201422606907976e+118,0
-8.47968418407059e+118,-5.440284521381595e+118,0
-1.695936836814118e+119,-1.088056904276319e+119,0
-3.391873673628236e+119,-2.176113808552638e+119,0
-6.783747347256472e+119,-4.352227617105276e+119,0
-1.3567494694512943e+120,-8.704455234210552e+119,0
-2.7134989389025887e+120,-1.7408910468421104e+120,0
-5.426997877805177e+120,-3.481782093684221e+120,0
-1.0853995755610355e+121,-6.963564187368442e+120,0
-2.170799151122071e+121,-1.3927128374736884e+121,0
-4.341598302244142e+121,-2.7854256749473767e+121,0
-8.683196604488284e+121,-5.570851349894753e+121,0
-1.7366393208976567e+122,-1.1141702699789507e+122,0
-3.4732786417953135e+122,-2.2283405399579014e+122,0
-6.946557283590627e+122,-4.456681079915803e+122,0
-1.3893114567181254e+123,-8.913362159831605e+122,0
-2.778622913436251e+123,-1.782672431966321e+123,0
-5.557245826872502e+123,-3.565344863932642e+123,0
-1.1114491653745003e+124,-7.130689727865284e+123,0
-2.2228983307490006e+124,-1.4261379455730569e+124,0
-4.445796661498001e+124,-2.8522758911461137e+124,0
-8.891593322996002e+124,-5.7045517822922275e+124,0
-1.7783186645992005e+125,-1.1409103564584455e+125,0
-3.556637329198401e+125,-2.281820712916891e+125,0
-7.113274658396802e+125,-4.563641425833782e+125,0
-1.4226549316793604e+126,-9.127282851667564e+125,0
-2.845309863358721e+126,-1.8254565703335128e+126,0
-5.690619726717442e+126,-3.6509131406670256e+126,0
-1.1381239453434883e+127,-7.301826281334051e+126,0
-2.2762478906869766e+127,-1.4603652562668102e+127,0
-4.552495781373953e+127,-2.9207305125336205e+127,0
-9.104991562747907e+127,-5.841461025067241e+127,0
-1.8209983125495813e+128,-1.1682922050134482e+128,0
-3.641996625099163e+128,-2.3365844100268964e+128,0
-7.283993250198325e+128,-4.673168820053793e+128,0
-1.456798650039665e+129,-9.346337640107586e+128,0
-2.91359730007933e+129,-1.869267528021517e+129,0
-5.82719460015866e+129,-3.738535056043034e+129,0
-1.165438920031732e+130,-7.477070112086068e+129,0
-2.330877840063464e+130,-1.4954140224172137e+130,0
-4.661755680126928e+130,-2.9908280448344274e+130,0
-9.323511360253856e+130,-5.981656089668855e+130,0
-1.8647022720507713e+131,-1.196331217933771e+131,0
-3.7294045441015425e+131,-2.392662435867542e+131,0
-7.458809088203085e+131,-4.785324871735084e+131,0
-1.491761817640617e+132,-9.570649743470168e+131,0
-2.983523635281234e+132,-1.9141299486940335e+132,0
-5.967047270562468e+132,-3.828259897388067e+132,0
-1.1934094541124936e+133,-7.656519794776134e+132,0
-2.386818908224987e+133,-1.5313039589552268e+133,0
-4.773637816449974e+133,-3.0626079179104536e+133,0
-9.547275632899949e+133,-6.125215835820907e+133,0
-1.9094551265799898e+134,-1.2250431671641814e+134,0
-3.8189102531599795e+134,-2.450086334328363e+134,0
-7.637820506319959e+134,-4.900172668656726e+134,0
-1.5275641012639918e+135,-9.800345337313452e+134,0
-3.0551282025279836e+135,-1.9600690674626903e+135,0
-6.110256405055967e+135,-3.9201381349253806e+135,0
-1.2220512810111935e+136,-7.840276269850761e+135,0
-2.444102562022387e+136,-1.5680552539701523e+136,0
-4.888205124044774e+136,-3.1361105079403045e+136,0
-9.776410248089548e+136,-6.272221015880609e+136,0
-1.9552820496179095e+137,-1.2544442031761218e+137,0
-3.910564099235819e+137,-2.5088884063522436e+137,0
-7.821128198471638e+137,-5.017776812704487e+137,0
-1.5642256396943276e+138,-1.0035553625408974e+138,0
-3.128451279388655e+138,-2.007110725081795e+138,0
-6.25690255877731e+138,-4.01422145016359e+138,0
-1.251380511755462e+139,-8.02844290032718e+138,0
-2.502761023510924e+139,-1.605688580065436e+139,0
-5.005522047021848e+139,-3.211377160130872e+139,0
-1.0011044094043697e+140,-6.422754320261744e+139,0
-2.0022088188087394e+140,-1.2845508640523487e+140,0
-4.004417637617479e+140,-2.5691017281046975e+140,0
-8.008835275234957e+140,-5.138203456209395e+140,0
-1.6017670550469915e+141,-1.027640691241879e+141,0
-3.203534110093983e+141,-2.055281382483758e+141,0
-6.407068220187966e+141,-4.110562764967516e+141,0
-1.2814136440375932e+142,-8.221125529935032e+141,0
-2.5628272880751864e+142,-1.6442251059870064e+142,0
-5.125654576150373e+142,-3.288450211974013e+142,0
-1.0251309152300746e+143,-6.576900423948025e+142,0
-2.050261830460149e+143,-1.315380084789605e+143,0
-4.100523660920298e+143,-2.63076016957921e+143,0
-8.201047321840596e+143,-5.26152033915842e+143,0
-1.6402094643681193e+144,-1.052304067831684e+144,0
-3.2804189287362386e+144,-2.104608135663368e+144,0
-6.560837857472477e+144,-4.209216271326736e+144,0
-1.3121675714944954e+145,-8.418432542653473e+144,0
-2.624335142988991e+145,-1.6836865085306945e+145,0
-5.248670285977982e+145,-3.367373017061389e+145,0
-1.0497340571955963e+146,-6.734746034122778e+145,0
-2.0994681143911927e+146,-1.3469492068245556e+146,0
-4.198936228782385e+146,-2.6938984136491112e+146,0
-8.39787245756477e+146,-5.3877968272982225e+146,0
-1.679574491512954e+147,-1.0775593654596445e+147,0
-3.359148983025908e+147,-2.155118730919289e+147,0
-6.718297966051817e+147,-4.310237461838578e+147,0
-1.3436595932103633e+148,-8.620474923677156e+147,0
-2.6873191864207266e+148,-1.7240949847354312e+148,0
-5.374638372841453e+148,-3.4481899694708624e+148,0
-1.0749276745682907e+149,-6.896379938941725e+148,0
-2.1498553491365813e+149,-1.379275987788345e+149,0
-4.299710698273163e+149,-2.75855197557669e+149,0
-8.599421396546325e+149,-5.51710395115338e+149,0
-1.719884279309265e+150,-1.103420790230676e+150,0
-3.43976855861853e+150,-2.206841580461352e+150,0
-6.87953711723706e+150,-4.413683160922704e+150,0
-1.375907423447412e+151,-8.827366321845408e+150,0
-2.751814846894824e+151,-1.7654732643690815e+151,0
-5.503629693789648e+151,-3.530946528738163e+151,0
-1.1007259387579296e+152,-7.061893057476326e+151,0
-2.2014518775158593e+152,-1.4123786114952652e+152,0
-4.4029037550317185e+152,-2.8247572229905305e+152,0
-8.805807510063437e+152,-5.649514445981061e+152,0
-1.7611615020126874e+153,-1.1299028891962122e+153,0
-3.522323004025375e+153,-2.2598057783924244e+153,0
-7.04464600805075e+153,-4.519611556784849e+153,0
-1.40892920161015e+154,-9.039223113569697e+153,0
-2.8178584032203e+154,-1.8078446227139395e+154,0
-5.6357168064406e+154,-3.615689245427879e+154,0
-1.12714336128812e+155,-7.231378490855758e+154,0
-2.25428672257624e+155,-1.4462756981711516e+155,0
-4.50857344515248e+155,-2.892551396342303e+155,0
-9.01714689030496e+155,-5.785102792684606e+155,0
-1.803429378060992e+156,-1.1570205585369213e+156,0
-3.606858756121984e+156,-2.3140411170738426e+156,0
-7.213717512243968e+156,-4.628082234147685e+156,0
-1.4427435024487935e+157,-9.25616446829537e+156,0
-2.885487004897587e+157,-1.851232893659074e+157,0
-5.770974009795174e+157,-3.702465787318148e+157,0
-1.1541948019590348e+158,-7.404931574636296e+157,0
-2.3083896039180696e+158,-1.4809863149272592e+158,0
-4.616779207836139e+158,-2.9619726298545185e+158,0
-9.233558415672279e+158,-5.923945259709037e+158,0
-1.8467116831344557e+159,-1.1847890519418074e+159,0
-3.6934233662689114e+159,-2.3695781038836148e+159,0
-7.386846732537823e+159,-4.7391562077672296e+159,0
-1.4773693465075646e+160,-9.478312415534459e+159,0
-2.954738693015129e+160,-1.8956624831068918e+160,0
-5.909477386030258e+160,-3.7913249662137836e+160,0
-1.1818954772060517e+161,-7.582649932427567e+160,0
-2.3637909544121033e+161,-1.5165299864855135e+161,0
-4.727581908824207e+161,-3.033059972971027e+161,0
-9.455163817648413e+161,-6.066119945942054e+161,0
-1.8910327635296826e+162,-1.2132239891884108e+162,0
-3.782065527059365e+162,-2.4264479783768215e+162,0
-7.56413105411873e+162,-4.852895956753643e+162,0
-1.512826210823746e+163,-9.705791913507286e+162,0
-3.025652421647492e+163,-1.9411583827014572e+163,0
-6.051304843294984e+163,-3.8823167654029145e+163,0
-1.210260968658997e+164,-7.764633530805829e+163,0
-2.420521937317994e+164,-1.5529267061611658e+164,0
-4.841043874635988e+164,-3.1058534123223316e+164,0
-9.682087749271975e+164,-6.211706824644663e+164,0
-1.936417549854395e+165,-1.2423413649289326e+165,0
-3.87283509970879e+165,-2.4846827298578653e+165,0
-7.74567019941758e+165,-4.9693654597157305e+165,0
-1.549134039883516e+166,-9.938730919431461e+165,0
-3.098268079767032e+166,-1.9877461838862922e+166,0
-6.196536159534064e+166,-3.9754923677725844e+166,0
-1.2393072319068128e+167,-7.950984735545169e+166,0
-2.4786144638136256e+167,-1.5901969471090338e+167,0
-4.957228927627251e+167,-3.1803938942180675e+167,0
-9.914457855254503e+167,-6.360787788436135e+167,0
-1.9828915710509005e+168,-1.272157557687227e+168,0
-3.965783142101801e+168,-2.544315115374454e+168,0
-7.931566284203602e+168,-5.088630230748908e+168,0
-1.5863132568407204e+169,-1.0177260461497816e+169,0
-3.172626513681441e+169,-2.0354520922995632e+169,0
-6.345253027362882e+169,-4.0709041845991264e+169,0
-1.2690506054725763e+170,-8.141808369198253e+169,0
-2.5381012109451527e+170,-1.6283616738396506e+170,0
-5.076202421890305e+170,-3.256723347679301e+170,0
-1.015240484378061e+171,-6.513446695358602e+170,0
-2.030480968756122e+171,-1.3026893390717205e+171,0
-4.060961937512244e+171,-2.605378678143441e+171,0
-8.121923875024488e+171,-5.210757356286882e+171,0
-1.6243847750048977e+172,-1.0421514712573764e+172,0
-3.2487695500097954e+172,-2.0843029425147527e+172,0
-6.497539100019591e+172,-4.1686058850295055e+172,0
-1.2995078200039182e+173,-8.337211770059011e+172,0
-2.5990156400078363e+173,-1.6674423540118022e+173,0
-5.198031280015673e+173,-3.3348847080236044e+173,0
-1.0396062560031345e+174,-6.669769416047209e+173,0
-2.079212512006269e+174,-1.3339538832094417e+174,0
-4.158425024012538e+174,-2.6679077664188835e+174,0
-8.316850048025076e+174,-5.335815532837767e+174,0
-1.6633700096050152e+175,-1.0671631065675534e+175,0
-3.3267400192100305e+175,-2.1343262131351068e+175,0
-6.653480038420061e+175,-4.2686524262702136e+175,0
-1.3306960076840122e+176,-8.537304852540427e+175,0
-2.6613920153680244e+176,-1.7074609705080854e+176,0
-5.322784030736049e+176,-3.414921941016171e+176,0
-1.0645568061472098e+177,-6.829843882032342e+176,0
-2.1291136122944195e+177,-1.3659687764064683e+177,0
-4.258227224588839e+177,-2.7319375528129367e+177,0
-8.516454449177678e+177,-5.463875105625873e+177,0
-1.7032908898355356e+178,-1.0927750211251747e+178,0
-3.406581779671071e+178,-2.1855500422503494e+178,0
-6.813163559342142e+178,-4.371100084500699e+178,0
-1.3626327118684285e+179,-8.742200169001397e+178,0
-2.725265423736857e+179,-1.7484400338002795e+179,0
-5.450530847473714e+179,-3.496880067600559e+179,0
-1.0901061694947428e+180,-6.993760135201118e+179,0
-2.1802123389894856e+180,-1.3987520270402236e+180,0
-4.360424677978971e+180,-2.797504054080447e+180,0
-8.720849355957942e+180,-5.595008108160894e+180,0
-1.7441698711915885e+181,-1.1190016216321789e+181,0
-3.488339742383177e+181,-2.2380032432643577e+181,0
-6.976679484766354e+181,-4.4760064865287155e+181,0
-1.3953358969532708e+182,-8.952012973057431e+181,0
-2.7906717939065415e+182,-1.7904025946114862e+182,0
-5.581343587813083e+182,-3.5808051892229724e+182,0
-1.1162687175626166e+183,-7.161610378445945e+182,0
-2.232537435125233e+183,-1.432322075689189e+183,0
-4.465074870250466e+183,-2.864644151378378e+183,0
-8.930149740500933e+183,-5.729288302756756e+183,0
-1.7860299481001866e+184,-1.1458576605513512e+184,0
-3.572059896200373e+184,-2.2917153211027023e+184,0
-7.144119792400746e+184,-4.583430642205405e+184,0
-1.4288239584801493e+185,-9.16686128441081e+184,0
-2.8576479169602985e+185,-1.833372256882162e+185,0
-5.715295833920597e+185,-3.666744513764324e+185,0
-1.1430591667841194e+186,-7.333489027528647e+185,0
-2.286118333568239e+186,-1.4666978055057295e+186,0
-4.572236667136478e+186,-2.933395611011459e+186,0
-9.144473334272955e+186,-5.866791222022918e+186,0
-1.828894666854591e+187,-1.1733582444045836e+187,0
-3.657789333709182e+187,-2.346716488809167e+187,0
-7.315578667418364e+187,-4.693432977618334e+187,0
-1.463115733483673e+188,-9.386865955236669e+187,0
-2.926231466967346e+188,-1.8773731910473337e+188,0
-5.852462933934691e+188,-3.7547463820946675e+188,0
-1.1704925867869383e+189,-7.509492764189335e+188,0
-2.3409851735738766e+189,-1.501898552837867e+189,0
-4.681970347147753e+189,-3.003797105675734e+189,0
-9.363940694295506e+189,-6.007594211351468e+189,0
-1.8727881388591012e+190,-1.2015188422702936e+190,0
-3.7455762777182025e+190,-2.403037684540587e+190,0
-7.491152555436405e+190,-4.806075369081174e+190,0
-1.498230511087281e+191,-9.612150738162349e+190,0
-2.996461022174562e+191,-1.9224301476324698e+191,0
-5.992922044349124e+191,-3.8448602952649395e+191,0
-1.1985844088698248e+192,-7.689720590529879e+191,0
-2.3971688177396496e+192,-1.5379441181059758e+192,0
-4.794337635479299e+192,-3.0758882362119516e+192,0
-9.588675270958598e+192,-6.151776472423903e+192,0
-1.9177350541917197e+193,-1.2303552944847806e+193,0
-3.835470108383439e+193,-2.4607105889695613e+193,0
-7.670940216766879e+193,-4.9214211779391226e+193,0
-1.5341880433533757e+194,-9.842842355878245e+193,0
-3.0683760867067515e+194,-1.968568471175649e+194,0
-6.136752173413503e+194,-3.937136942351298e+194,0
-1.2273504346827006e+195,-7.874273884702596e+194,0
-2.454700869365401e+195,-1.5748547769405192e+195,0
-4.909401738730802e+195,-3.1497095538810385e+195,0
-9.818803477461605e+195,-6.299419107762077e+195,0
-1.963760695492321e+196,-1.2598838215524154e+196,0
-3.927521390984642e+196,-2.5197676431048308e+196,0
-7.855042781969284e+196,-5.0395352862096615e+196,0
-1.5710085563938568e+197,-1.0079070572419323e+197,0
-3.1420171127877135e+197,-2.0158141144838646e+197,0
-6.284034225575427e+197,-4.031628228967729e+197,0
-1.2568068451150854e+198,-8.063256457935458e+197,0
-2.513613690230171e+198,-1.6126512915870917e+198,0
-5.027227380460342e+198,-3.2253025831741834e+198,0
-1.0054454760920683e+199,-6.450605166348367e+198,0
-2.0108909521841367e+199,-1.2901210332696733e+199,0
-4.021781904368273e+199,-2.5802420665393467e+199,0
-8.043563808736547e+199,-5.160484133078693e+199,0
-1.6087127617473093e+200,-1.0320968266157387e+200,0
-3.2174255234946186e+200,-2.0641936532314774e+200,0
-6.434851046989237e+200,-4.128387306462955e+200,0
-1.2869702093978475e+201,-8.25677461292591e+200,0
-2.573940418795695e+201,-1.651354922585182e+201,0
-5.14788083759139e+201,-3.302709845170364e+201,0
-1.029576167518278e+202,-6.605419690340728e+201,0
-2.059152335036556e+202,-1.3210839380681455e+202,0
-4.118304670073112e+202,-2.642167876136291e+202,0
-8.236609340146224e+202,-5.284335752272582e+202,0
-1.6473218680292447e+203,-1.0568671504545164e+203,0
-3.2946437360584895e+203,-2.1137343009090328e+203,0
-6.589287472116979e+203,-4.2274686018180656e+203,0
-1.3178574944233958e+204,-8.454937203636131e+203,0
-2.6357149888467916e+204,-1.6909874407272263e+204,0
-5.271429977693583e+204,-3.3819748814544525e+204,0
-1.0542859955387166e+205,-6.763949762908905e+204,0
-2.1085719910774333e+205,-1.352789952581781e+205,0
-4.2171439821548666e+205,-2.705579905163562e+205,0
-8.434287964309733e+205,-5.411159810327124e+205,0
-1.6868575928619466e+206,-1.0822319620654248e+206,0
-3.373715185723893e+206,-2.1644639241308496e+206,0
-6.747430371447786e+206,-4.328927848261699e+206,0
-1.3494860742895573e+207,-8.657855696523398e+206,0
-2.6989721485791146e+207,-1.7315711393046797e+207,0
-5.397944297158229e+207,-3.4631422786093594e+207,0
-1.0795888594316458e+208,-6.926284557218719e+207,0
-2.1591777188632917e+208,-1.3852569114437437e+208,0
-4.318355437726583e+208,-2.7705138228874875e+208,0
-8.636710875453167e+208,-5.541027645774975e+208,0
-1.7273421750906333e+209,-1.108205529154995e+209,0
-3.454684350181267e+209,-2.21641105830999e+209,0
-6.909368700362533e+209,-4.43282211661998e+209,0
-1.3818737400725067e+210,-8.86564423323996e+209,0
-2.7637474801450133e+210,-1.773128846647992e+210,0
-5.527494960290027e+210,-3.546257693295984e+210,0
-1.1054989920580053e+211,-7.092515386591968e+210,0
-2.2109979841160107e+211,-1.4185030773183936e+211,0
-4.421995968232021e+211,-2.837006154636787e+211,0
-8.843991936464043e+211,-5.674012309273574e+211,0
-1.7687983872928085e+212,-1.1348024618547149e+212,0
-3.537596774585617e+212,-2.2696049237094298e+212,0
-7.075193549171234e+212,-4.5392098474188595e+212,0
-1.4150387098342468e+213,-9.078419694837719e+212,0
-2.8300774196684937e+213,-1.8156839389675438e+213,0
-5.660154839336987e+213,-3.6313678779350876e+213,0
-1.1320309678673975e+214,-7.262735755870175e+213,0
-2.264061935734795e+214,-1.452547151174035e+214,0
-4.52812387146959e+214,-2.90509430234807e+214,0
-9.05624774293918e+214,-5.81018860469614e+214,0
-1.811249548587836e+215,-1.162037720939228e+215,0
-3.622499097175672e+215,-2.324075441878456e+215,0
-7.244998194351344e+215,-4.648150883756912e+215,0
-1.4489996388702688e+216,-9.296301767513824e+215,0
-2.8979992777405375e+216,-1.859260353502765e+216,0
-5.795998555481075e+216,-3.71852070700553e+216,0
-1.159199711096215e+217,-7.43704141401106e+216,0
-2.31839942219243e+217,-1.487408282802212e+217,0
-4.63679884438486e+217,-2.974816565604424e+217,0
-9.27359768876972e+217,-5.949633131208848e+217,0
-1.854719537753944e+218,-1.1899266262417695e+218,0
-3.709439075507888e+218,-2.379853252483539e+218,0
-7.418878151015776e+218,-4.759706504967078e+218,0
-1.4837756302031552e+219,-9.519413009934156e+218,0
-2.9675512604063104e+219,-1.9038826019868312e+219,0
-5.935102520812621e+219,-3.8077652039736624e+219,0
-1.1870205041625242e+220,-7.615530407947325e+219,0
-2.3740410083250483e+220,-1.523106081589465e+220,0
-4.748082016650097e+220,-3.04621216317893e+220,0
-9.496164033300193e+220,-6.09242432635786e+220,0
-1.8992328066600387e+221,-1.218484865271572e+221,0
-3.798465613320077e+221,-2.436969730543144e+221,0
-7.596931226640155e+221,-4.873939461086288e+221,0
-1.519386245328031e+222,-9.747878922172576e+221,0
-3.038772490656062e+222,-1.949575784434515e+222,0
-6.077544981312124e+222,-3.89915156886903e+222,0
-1.2155089962624247e+223,-7.79830313773806e+222,0
-2.4310179925248495e+223,-1.559660627547612e+223,0
-4.862035985049699e+223,-3.119321255095224e+223,0
-9.724071970099398e+223,-6.238642510190449e+223,0
-1.9448143940198796e+224,-1.2477285020380897e+224,0
-3.889628788039759e+224,-2.4954570040761794e+224,0
-7.779257576079518e+224,-4.990914008152359e+224,0
-1.5558515152159037e+225,-9.981828016304718e+224,0
-3.1117030304318073e+225,-1.9963656032609435e+225,0
-6.223406060863615e+225,-3.992731206521887e+225,0
-1.244681212172723e+226,-7.985462413043774e+225,0
-2.489362424345446e+226,-1.5970924826087548e+226,0
-4.978724848690892e+226,-3.1941849652175096e+226,0
-9.957449697381784e+226,-6.388369930435019e+226,0
-1.9914899394763567e+227,-1.2776739860870039e+227,0
-3.982979878952713e+227,-2.5553479721740077e+227,0
-7.965959757905427e+227,-5.1106959443480154e+227,0
-1.5931919515810854e+228,-1.0221391888696031e+228,0
-3.186383903162171e+228,-2.0442783777392062e+228,0
-6.372767806324341e+228,-4.0885567554784123e+228,0
-1.2745535612648683e+229,-8.177113510956825e+228,0
-2.5491071225297366e+229,-1.635422702191365e+229,0
-5.098214245059473e+229,-3.27084540438273e+229,0
-1.0196428490118946e+230,-6.54169080876546e+229,0
-2.0392856980237893e+230,-1.308338161753092e+230,0
-4.0785713960475785e+230,-2.616676323506184e+230,0
-8.157142792095157e+230,-5.233352647012368e+230,0
-1.6314285584190314e+231,-1.0466705294024736e+231,0
-3.262857116838063e+231,-2.093341058804947e+231,0
-6.525714233676126e+231,-4.186682117609894e+231,0
-1.305142846735225e+232,-8.373364235219788e+231,0
-2.61028569347045e+232,-1.6746728470439577e+232,0
-5.2205713869409e+232,-3.3493456940879154e+232,0
-1.04411427738818e+233,-6.698691388175831e+232,0
-2.08822855477636e+233,-1.3397382776351662e+233,0
-4.17645710955272e+233,-2.6794765552703323e+233,0
-8.35291421910544e+233,-5.358953110540665e+233,0
-1.670582843821088e+234,-1.071790622108133e+234,0
-3.341165687642176e+234,-2.143581244216266e+234,0
-6.682331375284353e+234,-4.287162488432532e+234,0
-1.3364662750568705e+235,-8.574324976865063e+234,0
-2.672932550113741e+235,-1.7148649953730127e+235,0
-5.345865100227482e+235,-3.4297299907460254e+235,0
-1.0691730200454964e+236,-6.859459981492051e+235,0
-2.138346040090993e+236,-1.3718919962984101e+236,0
-4.276692080181986e+236,-2.7437839925968203e+236,0
-8.553384160363971e+236,-5.487567985193641e+236,0
-1.7106768320727943e+237,-1.0975135970387281e+237,0
-3.4213536641455886e+237,-2.1950271940774562e+237,0
-6.842707328291177e+237,-4.3900543881549125e+237,0
-1.3685414656582354e+238,-8.780108776309825e+237,0
-2.737082931316471e+238,-1.756021755261965e+238,0
-5.474165862632942e+238,-3.51204351052393e+238,0
-1.0948331725265883e+239,-7.02408702104786e+238,0
-2.1896663450531767e+239,-1.404817404209572e+239,0
-4.379332690106353e+239,-2.809634808419144e+239,0
-8.758665380212707e+239,-5.619269616838288e+239,0
-1.7517330760425413e+240,-1.1238539233676576e+240,0
-3.503466152085083e+240,-2.247707846735315e+240,0
-7.006932304170165e+240,-4.49541569347063e+240,0
-1.401386460834033e+241,-8.99083138694126e+240,0
-2.802772921668066e+241,-1.798166277388252e+241,0
-5.605545843336132e+241,-3.596332554776504e+241,0
-1.1211091686672265e+242,-7.192665109553009e+241,0
-2.242218337334453e+242,-1.4385330219106017e+242,0
-4.484436674668906e+242,-2.8770660438212034e+242,0
-8.968873349337812e+242,-5.754132087642407e+242,0
-1.7937746698675623e+243,-1.1508264175284814e+243,0
-3.587549339735125e+243,-2.3016528350569627e+243,0
-7.17509867947025e+243,-4.6033056701139255e+243,0
-1.43501973589405e+244,-9.206611340227851e+243,0
-2.8700394717881e+244,-1.8413222680455702e+244,0
-5.7400789435762e+244,-3.6826445360911404e+244,0
-1.14801578871524e+245,-7.365289072182281e+244,0
-2.29603157743048e+245,-1.4730578144364562e+245,0
-4.59206315486096e+245,-2.9461156288729123e+245,0
-9.18412630972192e+245,-5.892231257745825e+245,0
-1.836825261944384e+246,-1.178446251549165e+246,0
-3.673650523888768e+246,-2.35689250309833e+246,0
-7.347301047777535e+246,-4.71378500619666e+246,0
-1.469460209555507e+247,-9.42757001239332e+246,0
-2.938920419111014e+247,-1.885514002478664e+247,0
-5.877840838222028e+247,-3.771028004957328e+247,0
-1.1755681676444057e+248,-7.542056009914656e+247,0
-2.3511363352888113e+248,-1.508411201982931e+248,0
-4.702272670577623e+248,-3.016822403965862e+248,0
-9.404545341155245e+248,-6.033644807931724e+248,0
-1.880909068231049e+249,-1.2067289615863449e+249,0
-3.761818136462098e+249,-2.4134579231726898e+249,0
-7.523636272924196e+249,-4.8269158463453795e+249,0
-1.5047272545848392e+250,-9.653831692690759e+249,0
-3.0094545091696785e+250,-1.9307663385381518e+250,0
-6.018909018339357e+250,-3.8615326770763036e+250,0
-1.2037818036678714e+251,-7.723065354152607e+250,0
-2.407563607335743e+251,-1.5446130708305214e+251,0
-4.815127214671486e+251,-3.089226141661043e+251,0
-9.630254429342971e+251,-6.178452283322086e+251,0
-1.9260508858685942e+252,-1.2356904566644172e+252,0
-3.8521017717371884e+252,-2.4713809133288343e+252,0
-7.704203543474377e+252,-4.942761826657669e+252,0
-1.5408407086948754e+253,-9.885523653315337e+252,0
-3.081681417389751e+253,-1.9771047306630675e+253,0
-6.163362834779502e+253,-3.954209461326135e+253,0
-1.2326725669559003e+254,-7.90841892265227e+253,0
-2.4653451339118006e+254,-1.581683784530454e+254,0
-4.930690267823601e+254,-3.163367569060908e+254,0
-9.861380535647202e+254,-6.326735138121816e+254,0
-1.9722761071294405e+255,-1.2653470276243632e+255,0
-3.944552214258881e+255,-2.5306940552487263e+255,0
-7.889104428517762e+255,-5.061388110497453e+255,0
-1.5778208857035524e+256,-1.0122776220994905e+256,0
-3.155641771407105e+256,-2.024555244198981e+256,0
-6.31128354281421e+256,-4.049110488397962e+256,0
-1.262256708562842e+257,-8.098220976795924e+256,0
-2.524513417125684e+257,-1.6196441953591849e+257,0
-5.049026834251368e+257,-3.2392883907183697e+257,0
-1.0098053668502735e+258,-6.478576781436739e+257,0
-2.019610733700547e+258,-1.2957153562873479e+258,0
-4.039221467401094e+258,-2.5914307125746958e+258,0
-8.078442934802188e+258,-5.1828614251493915e+258,0
-1.6156885869604376e+259,-1.0365722850298783e+259,0
-3.231377173920875e+259,-2.0731445700597566e+259,0
-6.46275434784175e+259,-4.146289140119513e+259,0
-1.29255086956835e+260,-8.292578280239026e+259,0
-2.5851017391367e+260,-1.6585156560478053e+260,0
-5.1702034782734e+260,-3.3170313120956106e+260,0
-1.03404069565468e+261,-6.634062624191221e+260,0
-2.06808139130936e+261,-1.3268125248382442e+261,0
-4.13616278261872e+261,-2.6536250496764885e+261,0
-8.27232556523744e+261,-5.307250099352977e+261,0
-1.654465113047488e+262,-1.0614500198705954e+262,0
-3.308930226094976e+262,-2.1229000397411908e+262,0
-6.617860452189953e+262,-4.2458000794823816e+262,0
-1.3235720904379905e+263,-8.491600158964763e+262,0
-2.647144180875981e+263,-1.6983200317929526e+263,0
-5.294288361751962e+263,-3.396640063585905e+263,0
-1.0588576723503924e+264,-6.79328012717181e+263,0
-2.117715344700785e+264,-1.358656025434362e+264,0
-4.23543068940157e+264,-2.717312050868724e+264,0
-8.47086137880314e+264,-5.434624101737448e+264,0
-1.694172275760628e+265,-1.0869248203474897e+265,0
-3.388344551521256e+265,-2.1738496406949794e+265,0
-6.776689103042511e+265,-4.347699281389959e+265,0
-1.3553378206085023e+266,-8.695398562779917e+265,0
-2.7106756412170046e+266,-1.7390797125559835e+266,0
-5.421351282434009e+266,-3.478159425111967e+266,0
-1.0842702564868018e+267,-6.956318850223934e+266,0
-2.1685405129736037e+267,-1.3912637700447868e+267,0
-4.337081025947207e+267,-2.7825275400895736e+267,0
-8.674162051894415e+267,-5.565055080179147e+267,0
-1.734832410378883e+268,-1.1130110160358294e+268,0
-3.469664820757766e+268,-2.226022032071659e+268,0
-6.939329641515532e+268,-4.452044064143318e+268,0
-1.3878659283031063e+269,-8.904088128286635e+268,0
-2.7757318566062127e+269,-1.780817625657327e+269,0
-5.551463713212425e+269,-3.561635251314654e+269,0
-1.110292742642485e+270,-7.123270502629308e+269,0
-2.22058548528497e+270,-1.4246541005258617e+270,0
-4.44117097056994e+270,-2.8493082010517233e+270,0
-8.88234194113988e+270,-5.698616402103447e+270,0
-1.776468388227976e+271,-1.1397232804206893e+271,0
-3.552936776455952e+271,-2.2794465608413787e+271,0
-7.105873552911904e+271,-4.558893121682757e+271,0
-1.421174710582381e+272,-9.117786243365515e+271,0
-2.842349421164762e+272,-1.823557248673103e+272,0
-5.684698842329524e+272,-3.647114497346206e+272,0
-1.1369397684659047e+273,-7.294228994692412e+272,0
-2.2738795369318094e+273,-1.4588457989384824e+273,0
-4.547759073863619e+273,-2.9176915978769647e+273,0
-9.095518147727238e+273,-5.835383195753929e+273,0
-1.8191036295454475e+274,-1.1670766391507859e+274,0
-3.638207259090895e+274,-2.3341532783015718e+274,0
-7.27641451818179e+274,-4.6683065566031435e+274,0
-1.455282903636358e+275,-9.336613113206287e+274,0
-2.910565807272716e+275,-1.8673226226412574e+275,0
-5.821131614545432e+275,-3.734645245282515e+275,0
-1.1642263229090864e+276,-7.46929049056503e+275,0
-2.328452645818173e+276,-1.493858098113006e+276,0
-4.656905291636346e+276,-2.987716196226012e+276,0
-9.313810583272691e+276,-5.975432392452024e+276,0
-1.8627621166545383e+277,-1.1950864784904047e+277,0
-3.7255242333090766e+277,-2.3901729569808095e+277,0
-7.451048466618153e+277,-4.780345913961619e+277,0
-1.4902096933236306e+278,-9.560691827923238e+277,0
-2.980419386647261e+278,-1.9121383655846476e+278,0
-5.960838773294523e+278,-3.824276731169295e+278,0
-1.1921677546589045e+279,-7.64855346233859e+278,0
-2.384335509317809e+279,-1.529710692467718e+279,0
-4.768671018635618e+279,-3.059421384935436e+279,0
-9.537342037271236e+279,-6.118842769870872e+279,0
-1.9074684074542472e+280,-1.2237685539741745e+280,0
-3.8149368149084944e+280,-2.447537107948349e+280,0
-7.629873629816989e+280,-4.895074215896698e+280,0
-1.5259747259633978e+281,-9.790148431793396e+280,0
-3.0519494519267955e+281,-1.958029686358679e+281,0
-6.103898903853591e+281,-3.916059372717358e+281,0
-1.2207797807707182e+282,-7.832118745434717e+281,0
-2.4415595615414364e+282,-1.5664237490869433e+282,0
-4.883119123082873e+282,-3.1328474981738866e+282,0
-9.766238246165746e+282,-6.265694996347773e+282,0
-1.953247649233149e+283,-1.2531389992695546e+283,0
-3.906495298466298e+283,-2.5062779985391093e+283,0
-7.812990596932597e+283,-5.0125559970782186e+283,0
-1.5625981193865193e+284,-1.0025111994156437e+284,0
-3.1251962387730386e+284,-2.0050223988312874e+284,0
-6.250392477546077e+284,-4.010044797662575e+284,0
-1.2500784955092154e+285,-8.02008959532515e+284,0
-2.500156991018431e+285,-1.60401791906503e+285,0
-5.000313982036862e+285,-3.20803583813006e+285,0
-1.0000627964073724e+286,-6.41607167626012e+285,0
-2.0001255928147447e+286,-1.283214335252024e+286,0
-4.0002511856294894e+286,-2.566428670504048e+286,0
-8.000502371258979e+286,-5.132857341008096e+286,0
-1.6001004742517958e+287,-1.0265714682016192e+287,0
-3.2002009485035915e+287,-2.0531429364032383e+287,0
-6.400401897007183e+287,-4.1062858728064767e+287,0
-1.2800803794014366e+288,-8.212571745612953e+287,0
-2.560160758802873e+288,-1.6425143491225907e+288,0
-5.120321517605746e+288,-3.2850286982451813e+288,0
-1.0240643035211493e+289,-6.570057396490363e+288,0
-2.0481286070422986e+289,-1.3140114792980725e+289,0
-4.096257214084597e+289,-2.628022958596145e+289,0
-8.192514428169194e+289,-5.25604591719229e+289,0
-1.638502885633839e+290,-1.051209183438458e+290,0
-3.277005771267678e+290,-2.102418366876916e+290,0
-6.554011542535355e+290,-4.204836733753832e+290,0
-1.310802308507071e+291,-8.409673467507664e+290,0
-2.621604617014142e+291,-1.6819346935015328e+291,0
-5.243209234028284e+291,-3.3638693870030657e+291,0
-1.0486418468056569e+292,-6.727738774006131e+291,0
-2.0972836936113138e+292,-1.3455477548012263e+292,0
-4.1945673872226275e+292,-2.6910955096024525e+292,0
-8.389134774445255e+292,-5.382191019204905e+292,0
-1.677826954889051e+293,-1.076438203840981e+293,0
-3.355653909778102e+293,-2.152876407681962e+293,0
-6.711307819556204e+293,-4.305752815363924e+293,0
-1.3422615639112408e+294,-8.611505630727848e+293,0
-2.6845231278224816e+294,-1.7223011261455696e+294,0
-5.369046255644963e+294,-3.444602252291139e+294,0
-1.0738092511289926e+295,-6.889204504582279e+294,0
-2.1476185022579853e+295,-1.3778409009164557e+295,0
-4.295237004515971e+295,-2.7556818018329114e+295,0
-8.590474009031941e+295,-5.511363603665823e+295,0
-1.7180948018063882e+296,-1.1022727207331646e+296,0
-3.4361896036127765e+296,-2.204545441466329e+296,0
-6.872379207225553e+296,-4.409090882932658e+296,0
-1.3744758414451106e+297,-8.818181765865316e+296,0
-2.748951682890221e+297,-1.7636363531730633e+297,0
-5.497903365780442e+297,-3.5272727063461266e+297,0
-1.0995806731560885e+298,-7.054545412692253e+297,0
-2.199161346312177e+298,-1.4109090825384506e+298,0
-4.398322692624354e+298,-2.8218181650769013e+298,0
-8.796645385248708e+298,-5.643636330153803e+298,0
-1.7593290770497415e+299,-1.1287272660307605e+299,0
-3.518658154099483e+299,-2.257454532061521e+299,0
-7.037316308198966e+299,-4.514909064123042e+299,0
-1.4074632616397932e+300,-9.029818128246084e+299,0
-2.8149265232795865e+300,-1.8059636256492168e+300,0
-5.629853046559173e+300,-3.6119272512984336e+300,0
-1.1259706093118346e+301,-7.223854502596867e+300,0
-2.251941218623669e+301,-1.4447709005193735e+301,0
-4.503882437247338e+301,-2.889541801038747e+301,0
-9.007764874494677e+301,-5.779083602077494e+301,0
-1.8015529748989353e+302,-1.1558167204154988e+302,0
-3.603105949797871e+302,-2.3116334408309975e+302,0
-7.206211899595741e+302,-4.623266881661995e+302,0
-1.4412423799191483e+303,-9.24653376332399e+302,0
-2.8824847598382966e+303,-1.849306752664798e+303,0
-5.764969519676593e+303,-3.698613505329596e+303,0
-1.1529939039353186e+304,-7.397227010659192e+303,0
-2.305987807870637e+304,-1.4794454021318384e+304,0
-4.611975615741274e+304,-2.958890804263677e+304,0
-9.223951231482549e+304,-5.917781608527354e+304,0
-1.8447902462965098e+305,-1.1835563217054707e+305,0
-3.6895804925930196e+305,-2.3671126434109415e+305,0
-7.379160985186039e+305,-4.734225286821883e+305,0
-1.4758321970372078e+306,-9.468450573643766e+305,0
-2.9516643940744157e+306,-1.8936901147287532e+306,0
-5.903328788148831e+306,-3.7873802294575063e+306,0
-1.1806657576297663e+307,-7.574760458915013e+306,0
-2.3613315152595325e+307,-1.5149520917830025e+307,0
-4.722663030519065e+307,-3.029904183566005e+307,0
-9.44532606103813e+307,-6.05980836713201e+307,0
-inf,-1.211961673426402e+308,0
-inf,-inf,0
nan,nan,0
nan,nan,0
nan,nan,0
nan,nan,0
nan,nan,0
nan,nan,0
nan,nan,0
nan,nan,0
nan,nan,0
nan,nan,0
nan,nan,0
nan,nan,0
nan,nan,0
nan,nan,0
nan,nan,0
nan,nan,0
nan,nan,0
nan,nan,0
nan,nan,0
nan,nan,0
nan,nan,0
nan,nan,0
nan,nan,0
nan,nan,0
nan,nan,0
nan,nan,0
nan,nan,0
nan,nan,0
nan,nan,0
nan,nan,0
nan,nan,0
nan,nan,0
nan,nan,0
nan,nan,0
nan,nan,0
nan,nan,0
nan,nan,0
nan,nan,0
nan,nan,0
nan,nan,0
nan,nan,0
nan,nan,0
nan,nan,0
nan,nan,0
nan,nan,0
nan,nan,0
nan,nan,0
nan,nan,0
nan,nan,0
nan,nan,0
nan,nan,0
nan,nan,0
nan,nan,0
nan,nan,0
nan,nan,0
nan,nan,0
nan,nan,0
nan,nan,0
nan,nan,0
nan,nan,0
nan,nan,0
nan,nan,0
nan,nan,0
nan,nan,0
nan,nan,0
nan,nan,0
nan,nan,0
nan,nan,0
nan,nan,0
nan,nan,0
nan,nan,0
nan,nan,0
nan,nan,0
nan,nan,0
nan,nan,0
nan,nan,0
nan,nan,0
nan,nan,0
nan,nan,0
nan,nan,0
nan,nan,0
nan,nan,0
nan,nan,0
nan,nan,0
nan,nan,0
nan,nan,0
nan,nan,0
nan,nan,0
nan,nan,0
nan,nan,0
nan,nan,0
nan,nan,0
nan,nan,0
nan,nan,0
nan,nan,0
nan,nan,0
nan,nan,0
nan,nan,0
nan,nan,0
nan,nan,0
nan,nan,0
nan,nan,0
nan,nan,0
nan,nan,0
nan,nan,0
nan,nan,0
nan,nan,0
nan,nan,0
nan,nan,0
nan,nan,0
nan,nan,0
nan,nan,0
nan,nan,0
nan,nan,0
nan,nan,0
nan,nan,0
nan,nan,0
nan,nan,0
nan,nan,0
nan,nan,0
nan,nan,0
nan,nan,0
nan,nan,0
nan,nan,0
nan,nan,0
nan,nan,0
nan,nan,0
nan,nan,0
nan,nan,0
nan,nan,0
nan,nan,0
nan,nan,0
nan,nan,0
nan,nan,0
nan,nan,0
nan,nan,0
nan,nan,0
nan,nan,0
nan,nan,0
nan,nan,0
nan,nan,0
nan,nan,0
nan,nan,0
nan,nan,0
nan,nan,0
nan,nan,0
nan,nan,0
nan,nan,0
nan,nan,0
nan,nan,0
nan,nan,0
nan,nan,0
nan,nan,0
nan,nan,0
nan,nan,0
nan,nan,0
nan,nan,0
nan,nan,0
nan,nan,0
nan,nan,0
nan,nan,0
nan,nan,0
nan,nan,0
nan,nan,0
nan,nan,0
nan,nan,0
nan,nan,0
nan,nan,0
nan,nan,0
nan,nan,0
nan,nan,0
nan,nan,0
nan,nan,0
nan,nan,0
nan,nan,0
nan,nan,0
nan,nan,0
nan,nan,0
nan,nan,0
nan,nan,0
nan,nan,0
nan,nan,0
nan,nan,0
nan,nan,0
nan,nan,0
nan,nan,0
nan,nan,0
nan,nan,0
nan,nan,0
nan,nan,0
nan,nan,0
nan,nan,0
nan,nan,0
nan,nan,0
nan,nan,0
nan,nan,0
nan,nan,0
nan,nan,0
nan,nan,0
nan,nan,0
nan,nan,0
nan,nan,0
nan,nan,0
nan,nan,0
nan,nan,0
nan,nan,0
nan,nan,0
nan,nan,0
nan,nan,0
nan,nan,0
nan,nan,0
nan,nan,0
nan,nan,0
nan,nan,0
nan,nan,0
nan,nan,0
nan,nan,0
nan,nan,0
nan,nan,0
nan,nan,0
nan,nan,0
nan,nan,0
nan,nan,0
nan,nan,0
nan,nan,0
nan,nan,0
nan,nan,0
nan,nan,0
nan,nan,0
nan,nan,0
nan,nan,0
nan,nan,0
nan,nan,0
nan,nan,0
nan,nan,0
nan,nan,0
nan,nan,0
nan,nan,0
nan,nan,0
nan,nan,0
nan,nan,0
nan,nan,0
nan,nan,0
nan,nan,0
nan,nan,0
nan,nan,0
nan,nan,0
nan,nan,0
nan,nan,0
nan,nan,0
nan,nan,0
nan,nan,0
nan,nan,0
nan,nan,0
nan,nan,0
nan,nan,0
nan,nan,0
nan,nan,0
nan,nan,0
nan,nan,0
nan,nan,0
nan,nan,0
nan,nan,0
nan,nan,0
nan,nan,0
nan,nan,0
nan,nan,0
nan,nan,0
nan,nan,0
nan,nan,0
nan,nan,0
nan,nan,0
nan,nan,0
nan,nan,0
nan,nan,0
nan,nan,0
nan,nan,0
nan,nan,0
nan,nan,0
nan,nan,0
nan,nan,0
nan,nan,0
nan,nan,0
nan,nan,0
nan,nan,0
nan,nan,0
nan,nan,0
nan,nan,0
nan,nan,0
nan,nan,0
nan,nan,0
nan,nan,0
nan,nan,0
nan,nan,0
nan,nan,0
nan,nan,0
nan,nan,0
nan,nan,0
nan,nan,0
nan,nan,0
nan,nan,0
nan,nan,0
nan,nan,0
nan,nan,0
nan,nan,0
nan,nan,0
nan,nan,0
nan,nan,0
nan,nan,0
nan,nan,0
nan,nan,0
nan,nan,0
nan,nan,0
nan,nan,0
nan,nan,0
nan,nan,0
nan,nan,0
nan,nan,0
nan,nan,0
nan,nan,0
nan,nan,0
nan,nan,0
nan,nan,0
nan,nan,0
nan,nan,0
nan,nan,0
nan,nan,0
nan,nan,0
nan,nan,0
nan,nan,0
nan,nan,0
nan,nan,0
nan,nan,0
nan,nan,0
nan,nan,0
nan,nan,0
nan,nan,0
nan,nan,0
nan,nan,0
nan,nan,0
nan,nan,0
nan,nan,0
nan,nan,0
nan,nan,0
nan,nan,0
nan,nan,0
nan,nan,0
nan,nan,0
nan,nan,0
nan,nan,0
nan,nan,0
nan,nan,0
nan,nan,0
nan,nan,0
nan,nan,0
nan,nan,0
nan,nan,0
nan,nan,0
nan,nan,0
nan,nan,0
nan,nan,0
nan,nan,0
nan,nan,0
nan,nan,0
nan,nan,0
nan,nan,0
nan,nan,0
nan,nan,0
nan,nan,0
nan,nan,0
nan,nan,0
nan,nan,0
nan,nan,0
nan,nan,0
nan,nan,0
nan,nan,0
nan,nan,0
nan,nan,0
nan,nan,0
nan,nan,0
nan,nan,0
nan,nan,0
nan,nan,0
nan,nan,0
nan,nan,0
nan,nan,0
nan,nan,0
nan,nan,0
nan,nan,0
nan,nan,0
nan,nan,0
nan,nan,0
nan,nan,0
nan,nan,0
nan,nan,0
nan,nan,0
nan,nan,0
nan,nan,0
nan,nan,0
nan,nan,0
nan,nan,0
nan,nan,0
nan,nan,0
nan,nan,0
nan,nan,0
nan,nan,0
nan,nan,0
nan,nan,0
nan,nan,0
nan,nan,0
nan,nan,0
nan,nan,0
nan,nan,0
nan,nan,0
nan,nan,0
nan,nan,0
nan,nan,0
nan,nan,0
nan,nan,0
nan,nan,0
nan,nan,0
nan,nan,0
nan,nan,0
nan,nan,0
nan,nan,0
nan,nan,0
nan,nan,0
nan,nan,0
nan,nan,0
nan,nan,0
nan,nan,0
nan,nan,0
nan,nan,0
nan,nan,0
nan,nan,0
nan,nan,0
nan,nan,0
nan,nan,0
nan,nan,0
nan,nan,0
nan,nan,0
nan,nan,0
nan,nan,0
nan,nan,0
nan,nan,0
nan,nan,0
nan,nan,0
nan,nan,0
nan,nan,0
nan,nan,0
nan,nan,0
nan,nan,0
nan,nan,0
nan,nan,0
nan,nan,0
nan,nan,0
nan,nan,0
nan,nan,0
nan,nan,0
nan,nan,0
nan,nan,0
nan,nan,0
nan,nan,0
nan,nan,0
nan,nan,0
nan,nan,0
nan,nan,0
nan,nan,0
nan,nan,0
nan,nan,0
nan,nan,0
nan,nan,0
nan,nan,0
nan,nan,0
nan,nan,0
nan,nan,0
nan,nan,0
nan,nan,0
nan,nan,0
nan,nan,0
nan,nan,0
nan,nan,0
nan,nan,0
nan,nan,0
nan,nan,0
nan,nan,0
nan,nan,0
nan,nan,0
nan,nan,0
nan,nan,0
nan,nan,0
nan,nan,0
nan,nan,0
nan,nan,0
nan,nan,0
nan,nan,0
nan,nan,0
nan,nan,0
nan,nan,0
nan,nan,0
nan,nan,0
nan,nan,0
nan,nan,0
nan,nan,0
nan,nan,0
nan,nan,0
nan,nan,0
nan,nan,0
nan,nan,0
nan,nan,0
nan,nan,0
nan,nan,0
nan,nan,0
nan,nan,0
nan,nan,0
nan,nan,0
nan,nan,0
nan,nan,0
nan,nan,0
nan,nan,0
nan,nan,0
nan,nan,0
nan,nan,0
nan,nan,0
nan,nan,0
nan,nan,0
nan,nan,0
nan,nan,0
nan,nan,0
nan,nan,0
nan,nan,0
nan,nan,0
nan,nan,0
nan,nan,0
nan,nan,0
nan,nan,0
nan,nan,0
nan,nan,0
nan,nan,0
nan,nan,0
nan,nan,0
nan,nan,0
nan,nan,0
nan,nan,0
nan,nan,0
nan,nan,0
nan,nan,0
nan,nan,0
nan,nan,0
nan,nan,0
nan,nan,0
nan,nan,0
nan,nan,0
nan,nan,0
nan,nan,0
nan,nan,0
nan,nan,0
nan,nan,0
nan,nan,0
nan,nan,0
nan,nan,0
nan,nan,0
nan,nan,0
nan,nan,0
nan,nan,0
nan,nan,0
nan,nan,0
nan,nan,0
nan,nan,0
nan,nan,0
nan,nan,0
nan,nan,0
nan,nan,0
nan,nan,0
nan,nan,0
nan,nan,0
nan,nan,0
nan,nan,0
nan,nan,0
nan,nan,0
nan,nan,0
nan,nan,0
nan,nan,0
nan,nan,0
nan,nan,0
nan,nan,0
nan,nan,0
nan,nan,0
nan,nan,0
nan,nan,0
nan,nan,0
nan,nan,0
nan,nan,0
nan,nan,0
nan,nan,0
nan,nan,0
nan,nan,0
nan,nan,0
nan,nan,0
nan,nan,0
nan,nan,0
nan,nan,0
nan,nan,0
nan,nan,0
nan,nan,0
nan,nan,0
nan,nan,0
nan,nan,0
nan,nan,0
nan,nan,0
nan,nan,0
nan,nan,0
nan,nan,0
nan,nan,0
nan,nan,0
nan,nan,0
nan,nan,0
nan,nan,0
nan,nan,0
nan,nan,0
nan,nan,0
nan,nan,0
nan,nan,0
nan,nan,0
nan,nan,0
nan,nan,0
nan,nan,0
nan,nan,0
nan,nan,0
nan,nan,0
nan,nan,0
nan,nan,0
nan,nan,0
nan,nan,0
nan,nan,0
nan,nan,0
nan,nan,0
nan,nan,0
nan,nan,0
nan,nan,0
nan,nan,0
nan,nan,0
nan,nan,0
nan,nan,0
nan,nan,0
nan,nan,0
nan,nan,0
nan,nan,0
nan,nan,0
nan,nan,0
nan,nan,0
nan,nan,0
nan,nan,0
nan,nan,0
nan,nan,0
nan,nan,0
nan,nan,0
nan,nan,0
nan,nan,0
nan,nan,0
nan,nan,0
nan,nan,0
nan,nan,0
nan,nan,0
nan,nan,0
nan,nan,0
nan,nan,0
nan,nan,0
nan,nan,0
nan,nan,0
nan,nan,0
nan,nan,0
nan,nan,0
nan,nan,0
nan,nan,0
nan,nan,0
nan,nan,0
nan,nan,0
nan,nan,0
nan,nan,0
nan,nan,0
nan,nan,0
nan,nan,0
nan,nan,0
nan,nan,0
nan,nan,0
nan,nan,0
nan,nan,0
nan,nan,0
nan,nan,0
nan,nan,0
nan,nan,0
nan,nan,0
nan,nan,0
nan,nan,0
nan,nan,0
nan,nan,0
nan,nan,0
nan,nan,0
nan,nan,0
nan,nan,0
nan,nan,0
nan,nan,0
nan,nan,0
nan,nan,0
nan,nan,0
nan,nan,0
nan,nan,0
nan,nan,0
nan,nan,0
nan,nan,0
nan,nan,0
nan,nan,0
nan,nan,0
nan,nan,0
nan,nan,0
nan,nan,0
nan,nan,0
nan,nan,0
nan,nan,0
nan,nan,0
nan,nan,0
nan,nan,0
nan,nan,0
nan,nan,0
nan,nan,0
nan,nan,0
nan,nan,0
nan,nan,0
nan,nan,0
nan,nan,0
nan,nan,0
nan,nan,0
nan,nan,0
nan,nan,0
nan,nan,0
nan,nan,0
nan,nan,0
nan,nan,0
nan,nan,0
nan,nan,0
nan,nan,0
nan,nan,0
nan,nan,0
nan,nan,0
nan,nan,0
nan,nan,0
nan,nan,0
nan,nan,0
nan,nan,0
nan,nan,0
nan,nan,0
nan,nan,0
nan,nan,0
nan,nan,0
nan,nan,0
nan,nan,0
nan,nan,0
nan,nan,0
nan,nan,0
nan,nan,0
nan,nan,0
nan,nan,0
nan,nan,0
nan,nan,0
nan,nan,0
nan,nan,0
nan,nan,0
nan,nan,0
nan,nan,0
nan,nan,0
nan,nan,0
nan,nan,0
nan,nan,0
nan,nan,0
nan,nan,0
nan,nan,0
nan,nan,0
nan,nan,0
nan,nan,0
nan,nan,0
nan,nan,0
nan,nan,0
nan,nan,0
nan,nan,0
nan,nan,0
nan,nan,0
nan,nan,0
nan,nan,0
nan,nan,0
nan,nan,0
nan,nan,0
nan,nan,0
nan,nan,0
nan,nan,0
nan,nan,0
nan,nan,0
nan,nan,0
nan,nan,0
nan,nan,0
nan,nan,0
nan,nan,0
nan,nan,0
nan,nan,0
nan,nan,0
nan,nan,0
nan,nan,0
nan,nan,0
nan,nan,0
nan,nan,0
nan,nan,0
nan,nan,0
nan,nan,0
nan,nan,0
nan,nan,0
nan,nan,0
nan,nan,0
nan,nan,0
nan,nan,0
nan,nan,0
nan,nan,0
nan,nan,0
nan,nan,0
nan,nan,0
nan,nan,0
nan,nan,0
nan,nan,0
nan,nan,0
nan,nan,0
nan,nan,0
nan,nan,0
nan,nan,0
nan,nan,0
nan,nan,0
nan,nan,0
nan,nan,0
nan,nan,0
nan,nan,0
nan,nan,0
nan,nan,0
nan,nan,0
nan,nan,0
nan,nan,0
nan,nan,0
nan,nan,0
nan,nan,0
nan,nan,0
nan,nan,0
nan,nan,0
nan,nan,0
nan,nan,0
nan,nan,0
nan,nan,0
nan,nan,0
nan,nan,0
nan,nan,0
nan,nan,0
nan,nan,0
nan,nan,0
nan,nan,0
nan,nan,0
nan,nan,0
nan,nan,0
nan,nan,0
nan,nan,0
nan,nan,0
nan,nan,0
nan,nan,0
nan,nan,0
nan,nan,0
nan,nan,0
nan,nan,0
nan,nan,0
nan,nan,0
nan,nan,0
nan,nan,0
nan,nan,0
nan,nan,0
nan,nan,0
nan,nan,0
nan,nan,0
nan,nan,0
nan,nan,0
nan,nan,0
nan,nan,0
nan,nan,0
nan,nan,0
nan,nan,0
nan,nan,0
nan,nan,0
nan,nan,0
nan,nan,0
nan,nan,0
nan,nan,0
nan,nan,0
nan,nan,0
nan,nan,0
nan,nan,0
nan,nan,0
nan,nan,0
nan,nan,0
nan,nan,0
nan,nan,0
nan,nan,0
nan,nan,0
nan,nan,0
nan,nan,0
nan,nan,0
nan,nan,0
nan,nan,0
nan,nan,0
nan,nan,0
nan,nan,0
nan,nan,0
nan,nan,0
nan,nan,0
nan,nan,0
nan,nan,0
nan,nan,0
nan,nan,0
nan,nan,0
nan,nan,0
nan,nan,0
nan,nan,0
nan,nan,0
nan,nan,0
nan,nan,0
nan,nan,0
nan,nan,0
nan,nan,0
nan,nan,0
nan,nan,0
nan,nan,0
nan,nan,0
nan,nan,0
nan,nan,0
nan,nan,0
nan,nan,0
nan,nan,0
nan,nan,0
nan,nan,0
nan,nan,0
nan,nan,0
nan,nan,0
nan,nan,0
nan,nan,0
nan,nan,0
nan,nan,0
nan,nan,0
nan,nan,0
nan,nan,0
nan,nan,0
nan,nan,0
nan,nan,0
nan,nan,0
nan,nan,0
nan,nan,0
nan,nan,0
nan,nan,0
nan,nan,0
nan,nan,0
nan,nan,0
nan,nan,0
nan,nan,0
nan,nan,0
nan,nan,0
nan,nan,0
nan,nan,0
nan,nan,0
nan,nan,0
nan,nan,0
nan,nan,0
nan,nan,0
nan,nan,0
nan,nan,0
nan,nan,0
nan,nan,0
nan,nan,0
nan,nan,0
nan,nan,0
nan,nan,0
nan,nan,0
nan,nan,0
nan,nan,0
nan,nan,0
nan,nan,0
nan,nan,0
nan,nan,0
nan,nan,0
nan,nan,0
nan,nan,0
nan,nan,0
nan,nan,0
nan,nan,0
nan,nan,0
nan,nan,0
nan,nan,0
nan,nan,0
nan,nan,0
nan,nan,0
nan,nan,0
nan,nan,0
nan,nan,0
nan,nan,0
nan,nan,0
nan,nan,0
nan,nan,0
nan,nan,0
nan,nan,0
nan,nan,0
nan,nan,0
nan,nan,0
nan,nan,0
nan,nan,0
nan,nan,0
nan,nan,0
nan,nan,0
nan,nan,0
nan,nan,0
nan,nan,0
nan,nan,0
nan,nan,0
nan,nan,0
nan,nan,0
nan,nan,0
nan,nan,0
nan,nan,0
nan,nan,0
nan,nan,0
nan,nan,0
nan,nan,0
nan,nan,0
nan,nan,0
nan,nan,0
nan,nan,0
nan,nan,0
nan,nan,0
nan,nan,0
nan,nan,0
nan,nan,0
nan,nan,0
nan,nan,0
nan,nan,0
nan,nan,0
nan,nan,0
nan,nan,0
nan,nan,0
nan,nan,0
nan,nan,0
nan,nan,0
nan,nan,0
nan,nan,0
nan,nan,0
nan,nan,0
nan,nan,0
nan,nan,0
nan,nan,0
nan,nan,0
nan,nan,0
nan,nan,0
nan,nan,0
nan,nan,0
nan,nan,0
nan,nan,0
nan,nan,0
nan,nan,0
nan,nan,0
nan,nan,0
nan,nan,0
nan,nan,0
nan,nan,0
nan,nan,0
nan,nan,0
nan,nan,0
nan,nan,0
nan,nan,0
nan,nan,0
nan,nan,0
nan,nan,0
nan,nan,0
nan,nan,0
nan,nan,0
nan,nan,0
nan,nan,0
nan,nan,0
nan,nan,0
nan,nan,0
nan,nan,0
nan,nan,0
nan,nan,0
nan,nan,0
nan,nan,0
nan,nan,0
nan,nan,0
nan,nan,0
nan,nan,0
nan,nan,0
nan,nan,0
nan,nan,0
nan,nan,0
nan,nan,0
nan,nan,0
nan,nan,0
nan,nan,0
nan,nan,0
nan,nan,0
nan,nan,0
nan,nan,0
nan,nan,0
nan,nan,0
nan,nan,0
nan,nan,0
nan,nan,0
nan,nan,0
nan,nan,0
nan,nan,0
nan,nan,0
nan,nan,0
nan,nan,0
nan,nan,0
nan,nan,0
nan,nan,0
nan,nan,0
nan,nan,0
nan,nan,0
nan,nan,0
nan,nan,0
nan,nan,0
nan,nan,0
nan,nan,0
nan,nan,0
nan,nan,0
nan,nan,0
nan,nan,0
nan,nan,0
nan,nan,0
nan,nan,0
nan,nan,0
nan,nan,0
nan,nan,0
nan,nan,0
nan,nan,0
nan,nan,0
nan,nan,0
nan,nan,0
nan,nan,0
nan,nan,0
nan,nan,0
nan,nan,0
nan,nan,0
nan,nan,0
nan,nan,0
nan,nan,0
nan,nan,0
nan,nan,0
nan,nan,0
nan,nan,0
nan,nan,0
nan,nan,0
nan,nan,0
nan,nan,0
nan,nan,0
nan,nan,0
nan,nan,0
nan,nan,0
nan,nan,0
nan,nan,0
nan,nan,0
nan,nan,0
nan,nan,0
nan,nan,0
nan,nan,0
nan,nan,0
nan,nan,0
nan,nan,0
nan,nan,0
nan,nan,0
nan,nan,0
nan,nan,0
nan,nan,0
nan,nan,0
nan,nan,0
nan,nan,0
nan,nan,0
nan,nan,0
nan,nan,0
nan,nan,0
nan,nan,0
nan,nan,0
nan,nan,0
nan,nan,0
nan,nan,0
nan,nan,0
nan,nan,0
nan,nan,0
nan,nan,0
nan,nan,0
nan,nan,0
nan,nan,0
nan,nan,0
nan,nan,0
nan,nan,0
nan,nan,0
nan,nan,0
nan,nan,0
nan,nan,0
nan,nan,0
nan,nan,0
nan,nan,0
nan,nan,0
nan,nan,0
nan,nan,0
nan,nan,0
nan,nan,0
nan,nan,0
nan,nan,0
nan,nan,0
nan,nan,0
nan,nan,0
nan,nan,0
nan,nan,0
nan,nan,0
nan,nan,0
nan,nan,0
nan,nan,0
nan,nan,0
nan,nan,0
nan,nan,0
nan,nan,0
nan,nan,0
nan,nan,0
nan,nan,0
nan,nan,0
nan,nan,0
nan,nan,0
nan,nan,0
nan,nan,0
nan,nan,0
nan,nan,0
nan,nan,0
nan,nan,0
nan,nan,0
nan,nan,0
nan,nan,0
nan,nan,0
nan,nan,0
nan,nan,0
nan,nan,0
nan,nan,0
nan,nan,0
nan,nan,0
nan,nan,0
nan,nan,0
nan,nan,0
nan,nan,0
nan,nan,0
nan,nan,0
nan,nan,0
nan,nan,0
nan,nan,0
nan,nan,0
nan,nan,0
nan,nan,0
nan,nan,0
nan,nan,0
nan,nan,0
nan,nan,0
nan,nan,0
nan,nan,0
nan,nan,0
nan,nan,0
nan,nan,0
nan,nan,0
nan,nan,0
nan,nan,0
nan,nan,0
nan,nan,0
nan,nan,0
nan,nan,0
nan,nan,0
nan,nan,0
nan,nan,0
nan,nan,0
nan,nan,0
nan,nan,0
nan,nan,0
nan,nan,0
nan,nan,0
nan,nan,0
nan,nan,0
nan,nan,0
nan,nan,0
nan,nan,0
nan,nan,0
nan,nan,0
nan,nan,0
nan,nan,0
nan,nan,0
nan,nan,0
nan,nan,0
nan,nan,0
nan,nan,0
nan,nan,0
nan,nan,0
nan,nan,0
nan,nan,0
nan,nan,0
nan,nan,0
nan,nan,0
nan,nan,0
nan,nan,0
nan,nan,0
nan,nan,0
nan,nan,0
nan,nan,0
nan,nan,0
nan,nan,0
nan,nan,0
nan,nan,0
nan,nan,0
nan,nan,0
nan,nan,0
nan,nan,0
nan,nan,0
nan,nan,0
nan,nan,0
nan,nan,0
nan,nan,0
nan,nan,0
nan,nan,0
nan,nan,0
nan,nan,0
nan,nan,0
nan,nan,0
nan,nan,0
nan,nan,0
nan,nan,0
nan,nan,0
nan,nan,0
nan,nan,0
nan,nan,0
nan,nan,0
nan,nan,0
nan,nan,0
nan,nan,0
nan,nan,0
nan,nan,0
nan,nan,0
nan,nan,0
nan,nan,0
nan,nan,0
nan,nan,0
nan,nan,0
nan,nan,0
nan,nan,0
nan,nan,0
nan,nan,0
nan,nan,0
nan,nan,0
nan,nan,0
nan,nan,0
nan,nan,0
nan,nan,0
nan,nan,0
nan,nan,0
nan,nan,0
nan,nan,0
nan,nan,0
nan,nan,0
nan,nan,0
nan,nan,0
nan,nan,0
nan,nan,0
nan,nan,0
nan,nan,0
nan,nan,0
nan,nan,0
nan,nan,0
nan,nan,0
nan,nan,0
nan,nan,0
nan,nan,0
nan,nan,0
nan,nan,0
nan,nan,0
nan,nan,0
nan,nan,0
nan,nan,0
nan,nan,0
nan,nan,0
nan,nan,0
nan,nan,0
nan,nan,0
nan,nan,0
nan,nan,0
nan,nan,0
nan,nan,0
nan,nan,0
nan,nan,0
nan,nan,0
nan,nan,0
nan,nan,0
nan,nan,0
nan,nan,0
nan,nan,0
nan,nan,0
nan,nan,0
nan,nan,0
nan,nan,0
nan,nan,0
nan,nan,0
nan,nan,0
nan,nan,0
nan,nan,0
nan,nan,0
nan,nan,0
nan,nan,0
nan,nan,0
nan,nan,0
nan,nan,0
nan,nan,0
nan,nan,0
nan,nan,0
nan,nan,0
nan,nan,0
nan,nan,0
nan,nan,0
nan,nan,0
nan,nan,0
nan,nan,0
nan,nan,0
nan,nan,0
nan,nan,0
nan,nan,0
nan,nan,0
nan,nan,0
nan,nan,0
nan,nan,0
nan,nan,0
nan,nan,0
nan,nan,0
nan,nan,0
nan,nan,0
nan,nan,0
nan,nan,0
nan,nan,0
nan,nan,0
nan,nan,0
nan,nan,0
nan,nan,0
nan,nan,0
nan,nan,0
nan,nan,0
nan,nan,0
nan,nan,0
nan,nan,0
nan,nan,0
nan,nan,0
nan,nan,0
nan,nan,0
nan,nan,0
nan,nan,0
nan,nan,0
nan,nan,0
nan,nan,0
nan,nan,0
nan,nan,0
nan,nan,0
nan,nan,0
nan,nan,0
nan,nan,0
nan,nan,0
nan,nan,0
nan,nan,0
nan,nan,0
nan,nan,0
nan,nan,0
nan,nan,0
nan,nan,0
nan,nan,0
nan,nan,0
nan,nan,0
nan,nan,0
nan,nan,0
nan,nan,0
nan,nan,0
nan,nan,0
nan,nan,0
nan,nan,0
nan,nan,0
nan,nan,0
nan,nan,0
nan,nan,0
nan,nan,0
nan,nan,0
nan,nan,0
nan,nan,0
nan,nan,0
nan,nan,0
nan,nan,0
nan,nan,0
nan,nan,0
nan,nan,0
nan,nan,0
nan,nan,0
nan,nan,0
nan,nan,0
nan,nan,0
nan,nan,0
nan,nan,0
nan,nan,0
nan,nan,0
nan,nan,0
nan,nan,0
nan,nan,0
nan,nan,0
nan,nan,0
nan,nan,0
nan,nan,0
nan,nan,0
nan,nan,0
nan,nan,0
nan,nan,0
nan,nan,0
nan,nan,0
nan,nan,0
nan,nan,0
nan,nan,0
nan,nan,0
nan,nan,0
nan,nan,0
nan,nan,0
nan,nan,0
nan,nan,0
nan,nan,0
nan,nan,0
nan,nan,0
nan,nan,0
nan,nan,0
nan,nan,0
nan,nan,0
nan,nan,0
nan,nan,0
nan,nan,0
nan,nan,0
nan,nan,0
nan,nan,0
nan,nan,0
nan,nan,0
nan,nan,0
nan,nan,0
nan,nan,0
nan,nan,0
nan,nan,0
nan,nan,0
nan,nan,0
nan,nan,0
nan,nan,0
nan,nan,0
nan,nan,0
nan,nan,0
nan,nan,0
nan,nan,0
nan,nan,0
nan,nan,0
nan,nan,0
nan,nan,0
nan,nan,0
nan,nan,0
nan,nan,0
nan,nan,0
nan,nan,0
nan,nan,0
nan,nan,0
nan,nan,0
nan,nan,0
nan,nan,0
nan,nan,0
nan,nan,0
nan,nan,0
nan,nan,0
nan,nan,0
nan,nan,0
nan,nan,0
nan,nan,0
nan,nan,0
nan,nan,0
nan,nan,0
nan,nan,0
nan,nan,0
nan,nan,0
nan,nan,0
nan,nan,0
nan,nan,0
nan,nan,0
nan,nan,0
nan,nan,0
nan,nan,0
nan,nan,0
nan,nan,0
nan,nan,0
nan,nan,0
nan,nan,0
nan,nan,0
nan,nan,0
nan,nan,0
nan,nan,0
nan,nan,0
nan,nan,0
nan,nan,0
nan,nan,0
nan,nan,0
nan,nan,0
nan,nan,0
nan,nan,0
nan,nan,0
nan,nan,0
nan,nan,0
nan,nan,0
nan,nan,0
nan,nan,0
nan,nan,0
nan,nan,0
nan,nan,0
nan,nan,0
nan,nan,0
nan,nan,0
nan,nan,0
nan,nan,0
nan,nan,0
nan,nan,0
nan,nan,0
nan,nan,0
nan,nan,0
nan,nan,0
nan,nan,0
nan,nan,0
nan,nan,0
nan,nan,0
nan,nan,0
nan,nan,0
nan,nan,0
nan,nan,0
nan,nan,0
nan,nan,0
nan,nan,0
nan,nan,0
nan,nan,0
nan,nan,0
nan,nan,0
nan,nan,0
nan,nan,0
nan,nan,0
nan,nan,0
nan,nan,0
nan,nan,0
nan,nan,0
nan,nan,0
nan,nan,0
nan,nan,0
nan,nan,0
nan,nan,0
nan,nan,0
nan,nan,0
nan,nan,0
nan,nan,0
nan,nan,0
nan,nan,0
nan,nan,0
nan,nan,0
nan,nan,0
nan,nan,0
nan,nan,0
nan,nan,0
nan,nan,0
nan,nan,0
nan,nan,0
nan,nan,0
nan,nan,0
nan,nan,0
nan,nan,0
nan,nan,0
nan,nan,0
nan,nan,0
nan,nan,0
nan,nan,0
nan,nan,0
nan,nan,0
nan,nan,0
nan,nan,0
nan,nan,0
nan,nan,0
nan,nan,0
nan,nan,0
nan,nan,0
nan,nan,0
nan,nan,0
nan,nan,0
nan,nan,0
nan,nan,0
nan,nan,0
nan,nan,0
nan,nan,0
nan,nan,0
nan,nan,0
nan,nan,0
nan,nan,0
nan,nan,0
nan,nan,0
nan,nan,0
nan,nan,0
nan,nan,0
nan,nan,0
nan,nan,0
nan,nan,0
nan,nan,0
nan,nan,0
nan,nan,0
nan,nan,0
nan,nan,0
nan,nan,0
nan,nan,0
nan,nan,0
nan,nan,0
nan,nan,0
nan,nan,0
nan,nan,0
nan,nan,0
nan,nan,0
nan,nan,0
nan,nan,0
nan,nan,0
nan,nan,0
nan,nan,0
nan,nan,0
nan,nan,0
nan,nan,0
nan,nan,0
nan,nan,0
nan,nan,0
nan,nan,0
nan,nan,0
nan,nan,0
nan,nan,0
nan,nan,0
nan,nan,0
nan,nan,0
nan,nan,0
nan,nan,0
nan,nan,0
nan,nan,0
nan,nan,0
nan,nan,0
nan,nan,0
nan,nan,0
nan,nan,0
nan,nan,0
nan,nan,0
nan,nan,0
nan,nan,0
nan,nan,0
nan,nan,0
nan,nan,0
nan,nan,0
nan,nan,0
nan,nan,0
nan,nan,0
nan,nan,0
nan,nan,0
nan,nan,0
